# M_PBH = 100 M_solar.
# Columns: semi-major axis [pc], truncation radius [pc], decoupling redshift
1.000000000000000082e-05 2.749748227558453735e-05 3.590183133767019957e+06
1.019423643066017998e-05 2.789708904243017834e-05 3.538756195569521748e+06
1.039224564041992057e-05 2.830250299123553023e-05 3.488065925208505709e+06
1.059410091039381955e-05 2.871380850978378892e-05 3.438101770334551111e+06
1.079987694508268507e-05 2.913109121201798289e-05 3.388853329755291343e+06
1.100964990002086642e-05 2.955443795585222614e-05 3.340310351270180196e+06
1.122349740996069250e-05 2.998393686124182109e-05 3.292462729536242317e+06
1.144149861760414627e-05 3.041967732851515551e-05 3.245300503964447882e+06
1.166373420289282694e-05 3.086175005697220150e-05 3.198813856646169443e+06
1.189028641286672366e-05 3.131024706375271988e-05 3.152993110309366137e+06
1.212123909210297127e-05 3.176526170297833742e-05 3.107828726304042619e+06
1.235667771374584358e-05 3.222688868517253560e-05 3.063311302616560366e+06
1.259668941113946127e-05 3.269522409696242013e-05 3.019431571912398096e+06
1.284136301007492415e-05 3.317036542106653688e-05 2.976180399606939871e+06
1.309078906166378511e-05 3.365241155657256280e-05 2.933548781963917427e+06
1.334505987585004813e-05 3.414146283950951358e-05 2.891527844221067149e+06
1.360426955557319748e-05 3.463762106371852709e-05 2.850108838742639404e+06
1.386851403159454687e-05 3.514098950202617305e-05 2.809283143198396545e+06
1.413789109800030185e-05 3.565167292772526274e-05 2.769042258768679108e+06
1.441250044839409352e-05 3.616977763636747539e-05 2.729377808375167660e+06
1.469244371279252584e-05 3.669541146787193444e-05 2.690281534937018529e+06
1.497782449523736701e-05 3.722868382895478913e-05 2.651745299651955254e+06
1.526874841213832036e-05 3.776970571588402279e-05 2.613761080302002374e+06
1.556532313136052350e-05 3.831858973756469201e-05 2.576320969583466183e+06
1.586765841207130582e-05 3.887545013895881172e-05 2.539417173460858408e+06
1.617586614536084102e-05 3.944040282484509690e-05 2.503042009544393048e+06
1.649006039565201748e-05 4.001356538392367710e-05 2.467187905490705743e+06
1.681035744291423952e-05 4.059505711326984954e-05 2.431847397426522803e+06
1.713687582569758676e-05 4.118499904314330823e-05 2.397013128394863568e+06
1.746973638500260882e-05 4.178351396215652859e-05 2.362677846823544241e+06
1.780906230900232664e-05 4.239072644280894836e-05 2.328834405015575700e+06
1.815497917863286267e-05 4.300676286739084104e-05 2.295475757661223877e+06
1.850761501406961688e-05 4.363175145426331276e-05 2.262594960371361580e+06
1.886710032210618009e-05 4.426582228451922667e-05 2.230185168231838383e+06
1.923356814445352476e-05 4.490910732903097752e-05 2.198239634378550109e+06
1.960715410697728484e-05 4.556174047589010362e-05 2.166751708592939656e+06
1.998799646989162044e-05 4.622385755824558716e-05 2.135714835917576216e+06
2.037623617892762092e-05 4.689559638254469151e-05 2.105122555291622877e+06
2.077201691749599601e-05 4.757709675718431832e-05 2.074968498205798212e+06
2.117548515986272678e-05 4.826850052157716665e-05 2.045246387376635103e+06
2.158679022535765982e-05 4.896995157563971461e-05 2.015950035439712228e+06
2.200608433363601408e-05 4.968159590970721402e-05 1.987073343661623308e+06
2.243352266101325136e-05 5.040358163488273176e-05 1.958610300670382101e+06
2.286926339789419811e-05 5.113605901382607243e-05 1.930554981204015901e+06
2.331346780731764526e-05 5.187918049198885005e-05 1.902901544877089793e+06
2.376630028463803558e-05 5.263310072930233623e-05 1.875644234964898555e+06
2.422792841836664764e-05 5.339797663232489486e-05 1.848777377205062192e+06
2.469852305219403504e-05 5.417396738685460722e-05 1.822295378616314149e+06
2.517825834821767146e-05 5.496123449101517181e-05 1.796192726334184641e+06
2.566731185139743779e-05 5.575994178882096036e-05 1.770463986463374458e+06
2.616586455526315612e-05 5.657025550422850135e-05 1.745103802946564043e+06
2.667410096889836170e-05 5.739234427568128214e-05 1.720106896449427120e+06
2.719220918522516852e-05 5.822637919115502566e-05 1.695468063261619303e+06
2.772038095061547648e-05 5.907253382371073286e-05 1.671182174213503487e+06
2.825881173585421946e-05 5.993098426756267376e-05 1.647244173608398065e+06
2.880770080848125435e-05 6.080190917466906557e-05 1.623649078170111636e+06
2.936725130653783055e-05 6.168548979185211256e-05 1.600391976005570730e+06
2.993767031374607328e-05 6.258190999845655552e-05 1.577468025582283968e+06
3.051916893614839925e-05 6.349135634455261277e-05 1.554872454720477806e+06
3.111196238023565042e-05 6.441401808969301622e-05 1.532600559599647997e+06
3.171627003259272785e-05 6.535008724223060022e-05 1.510647703779355623e+06
3.233231554109125674e-05 6.629975859920536770e-05 1.489009317234046059e+06
3.296032689765927436e-05 6.726322978680905650e-05 1.467680895401691785e+06
3.360053652265868133e-05 6.824070130143556798e-05 1.446657998246060917e+06
3.425318135090150523e-05 6.923237655132509114e-05 1.425936249332428910e+06
3.491850291933693321e-05 7.023846189881150393e-05 1.405511334916518070e+06
3.559674745644184312e-05 7.125916670318137303e-05 1.385379003046485828e+06
3.628816597334695256e-05 7.229470336415203305e-05 1.365535062677796930e+06
3.699301435673365982e-05 7.334528736598006158e-05 1.345975382800750900e+06
3.771155346353493622e-05 7.441113732220714305e-05 1.326695891580520198e+06
3.844404921747569625e-05 7.549247502105371635e-05 1.307692575509501388e+06
3.919077270748836983e-05 7.658952547146884941e-05 1.288961478571812389e+06
3.995200028804006537e-05 7.770251694984632877e-05 1.270498701419758145e+06
4.072801368140840320e-05 7.883168104741657318e-05 1.252300400562086375e+06
4.151910008194389885e-05 7.997725271832336984e-05 1.234362787563882535e+06
4.232555226235785274e-05 8.113947032839677689e-05 1.216682128257907461e+06
4.314766868207398488e-05 8.231857570462952406e-05 1.199254741967258975e+06
4.398575359768539368e-05 8.351481418537019287e-05 1.182077000739143463e+06
4.484011717555664938e-05 8.472843467124115894e-05 1.165145328589635901e+06
4.571107560661308918e-05 8.595968967679262621e-05 1.148456200759254629e+06
4.659895122335969966e-05 8.720883538290275492e-05 1.132006142979203956e+06
4.750407261917302220e-05 8.847613168993557911e-05 1.115791730748119531e+06
4.842677476991003916e-05 8.976184227166629536e-05 1.099809588619181653e+06
4.936739915787921807e-05 9.106623462998571336e-05 1.084056389497437514e+06
5.032629389821950108e-05 9.238958015039507640e-05 1.068528853947185678e+06
5.130381386773393498e-05 9.373215415830156503e-05 1.053223749509291491e+06
5.230032083622622246e-05 9.509423597612818582e-05 1.038137890028263209e+06
5.331618360038730347e-05 9.647610898124597302e-05 1.023268134988993639e+06
5.435177812028351346e-05 9.787806066474456334e-05 1.008611388862977619e+06
5.540748765849530429e-05 9.930038269104961377e-05 9.941646004639106104e+05
5.648370292195871851e-05 1.007433709584012928e-04 9.799247623125108657e+05
5.758082220656184167e-05 1.022073256602052294e-04 9.658889100104408571e+05
5.869925154454994136e-05 1.036925513472681566e-04 9.520541216232015286e+05
5.983940485479356407e-05 1.051993569909318856e-04 9.384175170718594454e+05
6.100170409597602256e-05 1.067280560471175479e-04 9.249762575334904250e+05
6.218657942275511408e-05 1.082789665212928053e-04 9.117275448502151994e+05
6.339446934495928331e-05 1.098524110343763126e-04 8.986686209466946311e+05
6.462582088987538773e-05 1.114487168895922662e-04 8.857967672559692292e+05
6.588108976768874026e-05 1.130682161402875617e-04 8.731093041535292286e+05
6.716074054013661861e-05 1.147112456587270505e-04 8.606035903994846158e+05
6.846524679243768481e-05 1.163781472058797044e-04 8.482770225887272973e+05
6.979509130856082866e-05 1.180692675022093863e-04 8.361270346089733066e+05
7.115076624989844672e-05 1.197849582994854232e-04 8.241510971065658377e+05
7.253277333741015758e-05 1.215255764536276158e-04 8.123467169599269982e+05
7.394162403730439076e-05 1.232914839985991022e-04 8.007114367605565349e+05
7.537783975032654707e-05 1.250830482213625939e-04 7.892428343014665879e+05
7.684195200472439323e-05 1.269006417379164907e-04 7.779385220729346620e+05
7.833450265296024238e-05 1.287446425704226786e-04 7.667961467654939042e+05
7.985604407224538095e-05 1.306154342254455805e-04 7.558133887800306547e+05
8.140713936896888192e-05 1.325134057733148613e-04 7.449879617449073121e+05
8.298836258709730857e-05 1.344389519286303932e-04 7.343176120399947977e+05
8.460029892062238192e-05 1.363924731319225746e-04 7.238001183275323128e+05
8.624354493013497251e-05 1.383743756324875445e-04 7.134332910896989051e+05
8.791870876360582379e-05 1.403850715724112787e-04 7.032149721728152363e+05
8.962641038145529790e-05 1.424249790718017041e-04 6.931430343380674021e+05
9.136728178599313392e-05 1.444945223152426818e-04 6.832153808186755050e+05
9.314196725531655380e-05 1.465941316394903777e-04 6.734299448833995266e+05
9.495112358175055204e-05 1.487242436224280387e-04 6.637846894062969368e+05
9.679542031491984277e-05 1.508853011732963609e-04 6.542776064426471712e+05
9.867554000954203302e-05 1.530777536242180147e-04 6.449067168109492632e+05
1.005921784780339624e-04 1.553020568230349771e-04 6.356700696809057845e+05
1.025460450480244643e-04 1.575586732274759352e-04 6.265657421673105564e+05
1.045378628248689988e-04 1.598480720006736574e-04 6.175918389297520043e+05
1.065683689592636000e-04 1.621707291080498148e-04 6.087464917780532269e+05
1.086383149200560554e-04 1.645271274155879601e-04 6.000278592833611183e+05
1.107484667723567732e-04 1.669177567895129347e-04 5.914341263948082924e+05
1.128996054610517826e-04 1.693431141973975452e-04 5.829635040616631741e+05
1.150925270998215150e-04 1.718037038107141036e-04 5.746142288608981762e+05
1.173280432657744526e-04 1.743000371088538670e-04 5.663845626300881850e+05
1.196069812998031679e-04 1.768326329846337604e-04 5.582727921055669431e+05
1.219301846127744421e-04 1.794020178513094075e-04 5.502772285657714820e+05
1.242985129976666527e-04 1.820087257511181613e-04 5.423962074796912493e+05
1.267128429477700055e-04 1.846532984653721093e-04 5.346280881603532471e+05
1.291740679810678713e-04 1.873362856261218178e-04 5.269712534232736798e+05
1.316830989709176763e-04 1.900582448294138788e-04 5.194241092497995123e+05
1.342408644831557846e-04 1.928197417501637304e-04 5.119850844552739873e+05
1.368483111197502848e-04 1.956213502586669488e-04 5.046526303619529936e+05
1.395064038691276912e-04 1.984636525387695335e-04 4.974252204766108189e+05
1.422161264633053988e-04 2.013472392077226625e-04 4.903013501727607218e+05
1.449784817419603219e-04 2.042727094377437655e-04 4.832795363774287398e+05
1.477944920235693498e-04 2.072406710793079287e-04 4.763583172624131548e+05
1.506651994837586081e-04 2.102517407861919675e-04 4.695362519399698358e+05
1.535916665410013890e-04 2.133065441422982438e-04 4.628119201628525043e+05
1.565749762498086495e-04 2.164057157902802100e-04 4.561839220286512864e+05
1.596162327015551935e-04 2.195498995619939132e-04 4.496508776883693063e+05
1.627165614330925130e-04 2.227397486108034297e-04 4.432114270591694512e+05
1.658771098432986933e-04 2.259759255457635695e-04 4.368642295412368840e+05
1.690990476177175778e-04 2.292591025677040808e-04 4.306079637387002585e+05
1.723835671614477091e-04 2.325899616072442226e-04 4.244413271845481941e+05
1.757318840404386065e-04 2.359691944647628319e-04 4.183630360694854171e+05
1.791452374313589637e-04 2.393975029523496070e-04 4.123718249746747897e+05
1.826248905802027285e-04 2.428755990377655534e-04 4.064664466083066072e+05
1.861721312698029897e-04 2.464042049904389378e-04 4.006456715459424304e+05
1.897882722964274913e-04 2.499840535295262136e-04 3.949082879745758255e+05
1.934746519556293325e-04 2.536158879740622852e-04 3.892531014403632726e+05
1.972326345375375429e-04 2.573004623952326376e-04 3.836789345999644138e+05
2.010636108317650475e-04 2.610385417707911560e-04 3.781846269754485111e+05
2.049689986421260042e-04 2.648309021416580047e-04 3.727690347127073328e+05
2.089502433113498109e-04 2.686783307707211479e-04 3.674310303433321533e+05
2.130088182559870737e-04 2.725816263038746321e-04 3.621695025499004987e+05
2.171462255117056746e-04 2.765415989333234494e-04 3.569833559346235706e+05
2.213639962891780842e-04 2.805590705631826249e-04 3.518715107913102838e+05
2.256636915407661905e-04 2.846348749774031662e-04 3.468329028805967537e+05
2.300469025382140319e-04 2.887698580100577775e-04 3.418664832083929796e+05
2.345152514615590951e-04 2.929648777180097596e-04 3.369712178075091215e+05
2.390703919994858768e-04 2.972208045560088959e-04 3.321460875224021147e+05
2.437140099613368952e-04 3.015385215542331363e-04 3.273900877970130532e+05
2.484478239010138754e-04 3.059189244983187951e-04 3.227022284656387055e+05
2.532735857529960603e-04 3.103629221119064792e-04 3.180815335468002595e+05
2.581930814807127336e-04 3.148714362417365698e-04 3.135270410400651745e+05
2.632081317375094287e-04 3.194454020453289019e-04 3.090378027257786598e+05
2.683205925404522573e-04 3.240857681812782430e-04 3.046128839676649659e+05
2.735323559572201842e-04 3.287934970022022728e-04 3.002513635182547732e+05
2.788453508063401987e-04 3.335695647503742096e-04 2.959523333271008451e+05
2.842615433710208206e-04 3.384149617560751051e-04 2.917148983517407905e+05
2.897829381268549379e-04 3.433306926387029380e-04 2.875381763713666005e+05
2.954115784836529421e-04 3.483177765106698978e-04 2.834212978031652747e+05
3.011495475416883804e-04 3.533772471841295439e-04 2.793634055212875828e+05
3.069989688626309694e-04 3.585101533805631143e-04 2.753636546784124803e+05
3.129620072554542836e-04 3.637175589432666174e-04 2.714212125298661995e+05
3.190408695776087941e-04 3.690005430527754614e-04 2.675352582602598122e+05
3.252378055517559188e-04 3.743602004452571404e-04 2.637049828126133070e+05
3.315551085983681786e-04 3.797976416339221778e-04 2.599295887199222634e+05
3.379951166844977358e-04 3.853139931334752808e-04 2.562082899391428218e+05
3.445602131890341830e-04 3.909103976876580964e-04 2.525403116875511769e+05
3.512528277847690389e-04 3.965880144999189166e-04 2.489248902814463072e+05
3.580754373375898787e-04 4.023480194672394701e-04 2.453612729771673330e+05
3.650305668231435636e-04 4.081916054171726886e-04 2.418487178143836500e+05
3.721207902613025043e-04 4.141199823481186049e-04 2.383864934616324026e+05
3.793487316687826363e-04 4.201343776728842989e-04 2.349738790640679945e+05
3.867170660302636856e-04 4.262360364655671955e-04 2.316101640933918825e+05
3.942285202883728714e-04 4.324262217118012312e-04 2.282946481999326497e+05
4.018858743528986688e-04 4.387062145624084464e-04 2.250266410668439057e+05
4.096919621296039112e-04 4.450773145904929730e-04 2.218054622663924238e+05
4.176496725690254552e-04 4.515408400520240940e-04 2.186304411183035991e+05
4.257619507356455164e-04 4.580981281499500062e-04 2.155009165501347452e+05
4.340317988978262351e-04 4.647505353018762243e-04 2.124162369596513454e+05
4.424622776389193078e-04 4.714994374113620746e-04 2.093757600791722653e+05
4.510565069899550900e-04 4.783462301428689453e-04 2.063788528418593050e+05
4.598176675843328176e-04 4.852923292004106531e-04 2.034248912499207072e+05
4.687490018349398276e-04 4.923391706099412716e-04 2.005132602447039098e+05
4.778538151341334031e-04 4.994882110055296441e-04 1.976433535786484426e+05
4.871354770770337794e-04 5.067409279193626484e-04 1.948145736890722765e+05
4.965974227085724526e-04 5.140988200756177072e-04 1.920263315737678204e+05
5.062431537947676904e-04 5.215634076882550698e-04 1.892780466683779086e+05
5.160762401186925856e-04 5.291362327627697083e-04 1.865691467255286989e+05
5.261003208016106934e-04 5.368188594019445694e-04 1.838990676956951211e+05
5.363191056497786926e-04 5.446128741156584189e-04 1.812672536097709963e+05
5.467363765274060742e-04 5.525198861347853548e-04 1.786731564633219095e+05
5.573559887562824083e-04 5.605415277292322878e-04 1.761162361024967977e+05
5.681818725425919576e-04 5.686794545301662122e-04 1.735959601115714177e+05
5.792180344314403883e-04 5.769353458564645525e-04 1.711118037021053024e+05
5.904685587896372004e-04 5.853109050454453986e-04 1.686632496036844677e+05
6.019376093172726155e-04 5.938078597879172015e-04 1.662497879562294402e+05
6.136294305886635502e-04 6.024279624675948778e-04 1.638709162038461072e+05
6.255483496232216176e-04 6.111729905049242788e-04 1.615261389901973307e+05
6.376987774868396854e-04 6.200447467053718390e-04 1.592149680553716025e+05
6.500852109243800744e-04 6.290450596122108438e-04 1.569369221342303790e+05
6.627122340238723094e-04 6.381757838638591786e-04 1.546915268562108686e+05
6.755845199130353822e-04 6.474388005558123597e-04 1.524783146465636091e+05
6.887068324887533639e-04 6.568360176072159757e-04 1.502968246290051029e+05
7.020840281801419853e-04 6.663693701321244832e-04 1.481466025297644373e+05
7.157210577458651647e-04 6.760408208154939551e-04 1.460272005830037524e+05
7.296229681063529787e-04 6.858523602939467284e-04 1.439381774375945970e+05
7.437949042116195203e-04 6.958060075413645450e-04 1.418790980652278231e+05
7.582421109453490538e-04 7.059038102593426060e-04 1.398495336698413012e+05
7.729699350659754737e-04 7.161478452725633008e-04 1.378490615983429889e+05
7.879838271854601233e-04 7.265402189291211626e-04 1.358772652526141028e+05
8.032893437865053395e-04 7.370830675058529348e-04 1.339337340027717291e+05
8.188921492789501960e-04 7.477785576187114544e-04 1.320180631016740226e+05
8.347980180961089066e-04 7.586288866382280213e-04 1.301298536006501236e+05
8.510128368318261140e-04 7.696362831101147533e-04 1.282687122664356866e+05
8.675426064190469317e-04 7.808030071810346823e-04 1.264342514992994693e+05
8.843934443506925539e-04 7.921313510295919591e-04 1.246260892523423099e+05
9.015715869436866786e-04 8.036236393025919305e-04 1.228438489519502473e+05
9.190833916469442685e-04 8.152822295565920153e-04 1.210871594193889323e+05
9.369353393941997699e-04 8.271095127048047439e-04 1.193556547935194249e+05
9.551340370025310916e-04 8.391079134693810431e-04 1.176489744546215370e+05
9.736862196174731615e-04 8.512798908391211450e-04 1.159667629493073619e+05
9.925987532056234405e-04 8.636279385326468393e-04 1.143086699165106984e+05
1.011878637095662810e-03 8.761545854670752930e-04 1.126743500145360595e+05
1.031533006568737800e-03 8.888623962322372623e-04 1.110634628491518961e+05
1.051569135499145352e-03 9.017539715704639847e-04 1.094756729027145630e+05
1.071994439046321810e-03 9.148319488619920808e-04 1.079106494643062761e+05
1.092816476399112793e-03 9.280990026160185593e-04 1.063680665608733543e+05
1.114042953573352642e-03 9.415578449674296682e-04 1.048476028893513285e+05
1.135681726263773877e-03 9.552112261792486967e-04 1.033489417497613322e+05
1.157740802751320479e-03 9.690619351508313484e-04 1.018717709792644455e+05
1.180228346866927288e-03 9.831127999318362270e-04 1.004157828871602978e+05
1.203152681012865759e-03 9.973666882419965612e-04 9.898067419081699336e+04
1.226522289242782358e-03 1.011826507996740768e-03 9.756614595251684659e+04
1.250345820401549358e-03 1.026495207838652420e-03 9.617190351720835315e+04
1.274632091326116526e-03 1.041375777674836186e-03 9.479765645114758809e+04
1.299390090108527287e-03 1.056471249220179232e-03 9.344311848141926748e+04
1.324628979422314739e-03 1.071784696546552746e-03 9.210800743632284866e+04
1.350358099913517634e-03 1.087319236637964218e-03 9.079204518661227485e+04
1.376586973657544085e-03 1.103078029951669791e-03 8.949495758757775184e+04
1.403325307683198119e-03 1.119064280985290500e-03 8.821647442195510666e+04
1.430582997565146494e-03 1.135281238849916979e-03 8.695632934365373512e+04
1.458370131086164558e-03 1.151732197849231719e-03 8.571425982228951761e+04
1.486696991970523976e-03 1.168420498064662088e-03 8.449000708851145464e+04
1.515574063689882145e-03 1.185349525946557828e-03 8.328331608011150092e+04
1.545012033343108777e-03 1.202522714911412110e-03 8.209393538890537457e+04
1.575021795611468217e-03 1.219943545945126372e-03 8.092161720837364555e+04
1.605614456790622471e-03 1.237615548212319576e-03 7.976611728205221880e+04
1.636801338900961775e-03 1.255542299671676479e-03 7.862719485266163247e+04
1.668593983877754558e-03 1.273727427697336420e-03 7.750461261196424311e+04
1.701004157842701033e-03 1.292174609706316351e-03 7.639813665133896575e+04
1.734043855458450170e-03 1.310887573791947279e-03 7.530753641306360078e+04
1.767725304367695049e-03 1.329870099363329771e-03 7.423258464229383389e+04
1.802060969718501321e-03 1.349126017790778153e-03 7.317305733972959570e+04
1.837063558777515685e-03 1.368659213057233466e-03 7.212873371495890024e+04
1.872746025632799054e-03 1.388473622415627379e-03 7.109939614046926727e+04
1.909121575987994231e-03 1.408573237052180389e-03 7.008483010631654179e+04
1.946203672049616777e-03 1.428962102755583106e-03 6.908482417544294731e+04
1.984006037509282103e-03 1.449644320592047850e-03 6.809916993963380810e+04
2.022542662622687192e-03 1.470624047586172435e-03 6.712766197610495146e+04
2.061827809387263826e-03 1.491905497407595982e-03 6.617009780471060367e+04
2.101876016820392219e-03 1.513492941063390371e-03 6.522627784576345584e+04
2.142702106340132681e-03 1.535390707596129885e-03 6.429600537845842337e+04
2.184321187250488471e-03 1.557603184787613448e-03 6.337908649989023252e+04
2.226748662333182839e-03 1.580134819868135370e-03 6.247533008465814055e+04
2.270000233548075726e-03 1.602990120231280327e-03 6.158454774504781381e+04
2.314091907844290953e-03 1.626173654154169273e-03 6.070655379178232397e+04
2.359040003084216658e-03 1.649690051523058703e-03 5.984116519533492101e+04
2.404861154082582522e-03 1.673544004564241463e-03 5.898820154779467703e+04
2.451572318762814708e-03 1.697740268580156262e-03 5.814748502527728851e+04
2.499190784432993914e-03 1.722283662690607701e-03 5.731884035087358643e+04
2.547734174183701600e-03 1.747179070579024359e-03 5.650209475812732853e+04
2.597220453410139639e-03 1.772431441243638075e-03 5.569707795503515081e+04
2.647667936460939425e-03 1.798045789753477527e-03 5.490362208856131474e+04
2.699095293416097288e-03 1.824027198009083072e-03 5.412156170965925412e+04
2.751521556996580631e-03 1.850380815507800605e-03 5.335073373879333667e+04
2.804966129608133570e-03 1.877111860113552314e-03 5.259097743195310613e+04
2.859448790521911931e-03 1.904225618830947915e-03 5.184213434715303447e+04
2.914989703194566587e-03 1.931727448583581358e-03 5.110404831141142495e+04
2.971609422730535528e-03 1.959622776996409327e-03 5.037656538820039714e+04
3.029328903489269045e-03 1.987917103182022024e-03 4.965953384536132944e+04
3.088169506840213446e-03 2.016615998530669855e-03 4.895280412347851961e+04
3.148153009068438597e-03 2.045725107503895950e-03 4.825622880470412929e+04
3.209301609433794569e-03 2.075250148431551176e-03 4.756966258202925383e+04
3.271637938386633571e-03 2.105196914312091900e-03 4.689296222899281565e+04
3.335185065943098697e-03 2.135571273615902675e-03 4.622598656982361717e+04
3.399966510223087664e-03 2.166379171091499002e-03 4.556859645000846649e+04
3.466006246154075630e-03 2.197626628574389420e-03 4.492065470728038781e+04
3.533328714343961664e-03 2.229319745798385294e-03 4.428202614302127768e+04
3.601958830126290780e-03 2.261464701209162272e-03 4.365257749407240044e+04
3.671921992781155761e-03 2.294067752779834456e-03 4.303217740494732425e+04
3.743244094935194860e-03 2.327135238828304930e-03 4.242069640044157859e+04
3.815951532144195614e-03 2.360673578836193585e-03 4.181800685863255785e+04
3.890071212661788940e-03 2.394689274269014376e-03 4.122398298426559631e+04
3.965630567397923287e-03 2.429188909397447631e-03 4.063850078251875675e+04
4.042657560070750909e-03 2.464179152119362615e-03 4.006143803314244724e+04
4.121180697555700163e-03 2.499666754782358356e-03 3.949267426496773987e+04
4.201229040435585337e-03 2.535658555006547327e-03 3.893209073077804351e+04
4.282832213755595994e-03 2.572161476507262793e-03 3.837957038253939390e+04
4.366020417987228133e-03 2.609182529917413156e-03 3.783499784698397707e+04
4.450824440205158709e-03 2.646728813609210054e-03 3.729825940154125419e+04
4.537275665481208670e-03 2.684807514514893356e-03 3.676924295061277371e+04
4.625406088499644554e-03 2.723425908946189387e-03 3.624783800218484976e+04
4.715248325398048793e-03 2.762591363412137627e-03 3.573393564477481414e+04
4.806835625838219543e-03 2.802311335434983213e-03 3.522742852470554499e+04
4.900201885311520136e-03 2.842593374363759640e-03 3.472821082370410295e+04
4.995381657683234389e-03 2.883445122185237294e-03 3.423617823681939626e+04
5.092410167980607194e-03 2.924874314331876984e-03 3.375122795065438549e+04
5.191323325429222924e-03 2.966888780486373004e-03 3.327325862190889166e+04
5.292157736742654321e-03 3.009496445382509478e-03 3.280217035622746334e+04
5.394950719670209630e-03 3.052705329601863773e-03 3.233786468734888695e+04
5.499740316807834664e-03 3.096523550366010041e-03 3.188024455655265410e+04
5.606565309677298548e-03 3.140959322323829545e-03 3.142921429239809368e+04
5.715465233078789210e-03 3.186020958333511850e-03 3.098467959075219551e+04
5.826480389722347476e-03 3.231716870238883488e-03 3.054654749510161855e+04
5.939651865143467935e-03 3.278055569639583538e-03 3.011472637714547818e+04
6.055021542908416848e-03 3.325045668654766969e-03 2.968912591766403784e+04
6.172632120114918824e-03 3.372695880679844795e-03 2.926965708766007810e+04
6.292527123193869185e-03 3.421015021135835610e-03 2.885623212976901414e+04
6.414750924018023867e-03 3.470012008210978521e-03 2.844876453993330506e+04
6.539348756323559719e-03 3.519695863594090104e-03 2.804716904933820115e+04
6.666366732450590589e-03 3.570075713199304980e-03 2.765136160660444875e+04
6.795851860408887689e-03 3.621160787881695219e-03 2.726125936023493341e+04
6.927852061275004136e-03 3.672960424143417290e-03 2.687678064131101928e+04
7.062416186927386944e-03 3.725484064829885211e-03 2.649784494643551807e+04
7.199594038125932231e-03 3.778741259815556613e-03 2.612437292091867130e+04
7.339436382942714394e-03 3.832741666678924491e-03 2.575628634220352978e+04
7.481994975550739641e-03 3.887495051366242349e-03 2.539350810352759072e+04
7.627322575377577796e-03 3.943011288843568593e-03 2.503596219781734180e+04
7.775472966631093164e-03 3.999300363736714263e-03 2.468357370181224542e+04
7.926500978204407619e-03 4.056372370958673430e-03 2.433626876041509968e+04
8.080462503967484125e-03 4.114237516324096948e-03 2.399397457126555310e+04
8.237414523452890602e-03 4.172906117150423574e-03 2.365661936953368422e+04
8.397415122943271970e-03 4.232388602845239996e-03 2.332413241293057217e+04
8.560523516968504901e-03 4.292695515479529739e-03 2.299644396693262752e+04
8.726800070220344999e-03 4.353837510346324387e-03 2.267348529021716604e+04
8.896306319892806347e-03 4.415825356504522042e-03 2.235518862030563105e+04
9.069104998456364169e-03 4.478669937307360426e-03 2.204148715941231421e+04
9.245260056874619534e-03 4.542382250915308686e-03 2.173231506049512973e+04
9.424836688271865520e-03 4.606973410792988485e-03 2.142760741350595708e+04
9.607901352060360320e-03 4.672454646189787807e-03 2.112730023183783487e+04
9.794521798536293122e-03 4.738837302603944590e-03 2.083133043896594972e+04
9.984767093953393971e-03 4.806132842229693392e-03 2.053963585528029944e+04
1.017870764608366785e-02 4.874352844387291189e-03 2.025215518510698530e+04
1.037641523027454417e-02 4.943509005935674272e-03 1.996882800391565252e+04
1.057796301601218042e-02 5.013613141667460846e-03 1.968959474571070677e+04
1.078342559400074022e-02 5.084677184686166654e-03 1.941439669060360393e+04
1.099287900376757360e-02 5.156713186765403759e-03 1.914317595256390996e+04
1.120640076180467841e-02 5.229733318689915901e-03 1.887587546734672651e+04
1.142406989025672448e-02 5.303749870578381050e-03 1.861243898059389176e+04
1.164596694616630221e-02 5.378775252187801593e-03 1.835281103610695573e+04
1.187217405128728094e-02 5.454821993199486518e-03 1.809693696428934345e+04
1.210277492247712611e-02 5.531902743486524082e-03 1.784476287075570872e+04
1.233785490267967633e-02 5.610030273362811779e-03 1.759623562510604097e+04
1.257750099250964579e-02 5.689217473813651393e-03 1.735130284986237530e+04
1.282180188245062719e-02 5.769477356707931708e-03 1.710991290956617013e+04
1.307084798567854575e-02 5.850823054992080122e-03 1.687201490003393701e+04
1.332473147152254608e-02 5.933267822865862136e-03 1.663755863776930346e+04
1.358354629957593714e-02 6.016825035940249859e-03 1.640649464952927883e+04
1.384738825446962980e-02 6.101508191377561646e-03 1.617877416204284600e+04
1.411635498132100472e-02 6.187330908014144343e-03 1.595434909187982521e+04
1.439054602187138897e-02 6.274306926465928608e-03 1.573317203546800920e+04
1.467006285132532381e-02 6.362450109217113181e-03 1.551519625925693617e+04
1.495500891590551690e-02 6.451774440692531476e-03 1.530037569002594682e+04
1.524548967113718324e-02 6.542294027313978917e-03 1.508866490533514116e+04
1.554161262087599971e-02 6.634023097541084761e-03 1.488001912411710146e+04
1.584348735709421516e-02 6.726976001897269630e-03 1.467439419740761332e+04
1.615122560043938393e-02 6.821167212981235455e-03 1.447174659921388775e+04
1.646494124158105060e-02 6.916611325464813546e-03 1.427203341751810149e+04
1.678475038336047984e-02 7.013323056077689494e-03 1.407521234541486047e+04
1.711077138375906651e-02 7.111317243579783759e-03 1.388124167238080190e+04
1.744312489970143570e-02 7.210608848722079890e-03 1.369008027567457975e+04
1.778193393170920955e-02 7.311212954196660146e-03 1.350168761186572556e+04
1.812732386942224327e-02 7.413144764576880957e-03 1.331602370849062208e+04
1.847942253800400822e-02 7.516419606248562514e-03 1.313304915583405273e+04
1.883836024544830942e-02 7.621052927333156132e-03 1.295272509883473685e+04
1.920426983080495906e-02 7.727060297603914607e-03 1.277501322911325951e+04
1.957728671334201323e-02 7.834457408396120273e-03 1.259987577712082202e+04
1.995754894266306423e-02 7.943260072512413339e-03 1.242727550440741106e+04
2.034519724979793817e-02 8.053484224124465157e-03 1.225717569600763818e+04
2.074037509928572387e-02 8.165145918672086708e-03 1.208954015294299097e+04
2.114322874226957569e-02 8.278261332761084612e-03 1.192433318483877883e+04
2.155390727062259440e-02 8.392846764060966219e-03 1.176151960265461275e+04
2.197256267212521763e-02 8.508918631204060237e-03 1.160106471152655467e+04
2.239934988671428776e-02 8.626493473687161379e-03 1.144293430371979593e+04
2.283442686382465558e-02 8.745587951777112831e-03 1.128709465169042596e+04
2.327795462084467776e-02 8.866218846421927702e-03 1.113351250125452862e+04
2.373009730270693105e-02 8.988403059168540571e-03 1.098215506486371305e+04
2.419102224263658743e-02 9.112157612089001948e-03 1.083299001498518010e+04
2.466090002407966136e-02 9.237499647716333404e-03 1.068598547758526547e+04
2.513990454383411427e-02 9.364446428991772889e-03 1.054111002571481367e+04
2.562821307640731142e-02 9.493015339224735588e-03 1.039833267319524748e+04
2.612600633962330193e-02 9.623223882067185111e-03 1.025762286840374145e+04
2.663346856150466957e-02 9.755089681503925983e-03 1.011895048815622977e+04
2.715078754845334785e-02 9.888630481860406427e-03 9.982285831686824167e+03
2.767815475475576478e-02 1.002386414782954413e-02 9.847599614722372280e+03
2.821576535343815056e-02 1.016080866451929063e-02 9.714862963650635720e+03
2.876381830849784882e-02 1.029948213752238106e-02 9.584047409780891030e+03
2.932251644853790806e-02 1.043990279300995375e-02 9.455124883695489189e+03
2.989206654183174799e-02 1.058208897785061636e-02 9.328067709691022174e+03
3.047267937284591638e-02 1.072605915975645072e-02 9.202848600307836023e+03
3.106456982024928537e-02 1.087183192745767683e-02 9.079440650946382448e+03
3.166795693643720266e-02 1.101942599090735726e-02 8.957817334569221202e+03
3.228306402860058738e-02 1.116886018151779306e-02 8.837952496487225289e+03
3.291011874136949567e-02 1.132015345243014143e-02 8.719820349228624764e+03
3.354935314106213123e-02 1.147332487881869666e-02 8.603395467489617658e+03
3.420100380156990832e-02 1.162839365823128794e-02 8.488652783165169240e+03
3.486531189191113128e-02 1.178537911096738840e-02 8.375567580458602606e+03
3.554252326548500152e-02 1.194430068049518769e-02 8.264115491068721894e+03
3.623288855105939038e-02 1.210517793390914962e-02 8.154272489453054732e+03
3.693666324552597607e-02 1.226803056242934536e-02 8.046014888165918819e+03
3.765410780845677985e-02 1.243287838194393272e-02 7.939319333269952040e+03
3.838548775849760786e-02 1.259974133359605293e-02 7.834162799819780048e+03
3.913107377163366901e-02 1.276863948441641500e-02 7.730522587416481656e+03
3.989114178136386052e-02 1.293959302800278682e-02 7.628376315831545071e+03
4.066597308082098988e-02 1.311262228524764928e-02 7.527701920698920731e+03
4.145585442687515360e-02 1.328774770511496374e-02 7.428477649273995667e+03
4.226107814625957443e-02 1.346498986546741487e-02 7.330682056258014200e+03
4.308194224375761633e-02 1.364436947394505328e-02 7.234293999686731695e+03
4.391875051249112538e-02 1.382590736889632334e-02 7.139292636882032639e+03
4.477181264635124447e-02 1.400962452036273904e-02 7.045657420465066934e+03
4.564144435461260640e-02 1.419554203111771974e-02 6.953368094429883058e+03
4.652796747877412098e-02 1.438368113776097856e-02 6.862404690276021938e+03
4.743171011166912726e-02 1.457406321186906738e-02 6.772747523198979252e+03
4.835300671888897311e-02 1.476670976120299759e-02 6.684377188337245570e+03
4.929219826256544396e-02 1.496164243097383544e-02 6.597274557074668337e+03
5.024963232755690762e-02 1.515888300516690483e-02 6.511420773396984259e+03
5.122566325008601207e-02 1.535845340792554338e-02 6.426797250301236090e+03
5.222065224887571799e-02 1.556037570499507576e-02 6.343385666256937839e+03
5.323496755883248138e-02 1.576467210522766380e-02 6.261167961717830622e+03
5.426898456732628939e-02 1.597136496214882420e-02 6.180126335683040452e+03
5.532308595311727362e-02 1.618047677558618475e-02 6.100243242306560205e+03
5.639766182798126165e-02 1.639203019336128719e-02 6.021501387553879795e+03
5.749310988108595477e-02 1.660604801304487940e-02 5.943883725904752282e+03
5.860983552617146652e-02 1.682255318377645290e-02 5.867373457100988162e+03
5.974825205158983826e-02 1.704156880814871808e-02 5.791954022938210983e+03
6.090878077325839746e-02 1.726311814415734669e-02 5.717609104100657532e+03
6.209185119058450997e-02 1.748722460721689395e-02 5.644322617037912096e+03
6.329790114541873625e-02 1.771391177224331676e-02 5.572078710882688029e+03
6.452737698409537204e-02 1.794320337580372626e-02 5.500861764408689851e+03
6.578073372262081830e-02 1.817512331833404451e-02 5.430656383027630909e+03
6.705843521506978100e-02 1.840969566642491895e-02 5.361447395824585328e+03
6.836095432525299276e-02 1.864694465517682809e-02 5.293219852630719288e+03
6.968877310171907313e-02 1.888689469062475312e-02 5.225959021132652197e+03
7.104238295615550314e-02 1.912957035223297395e-02 5.159650384017634678e+03
7.242228484525523036e-02 1.937499639546093680e-02 5.094279636153700267e+03
7.382898945611494901e-02 1.962319775440029071e-02 5.029832681804184176e+03
7.526301739523533207e-02 1.987419954448405371e-02 4.966295631875789695e+03
7.672489938119189667e-02 2.012802706526862703e-02 4.903654801199510075e+03
7.821517644104822309e-02 2.038470580328878914e-02 4.841896705843858399e+03
7.973440011058477439e-02 2.064426143498696020e-02 4.781008060459625995e+03
8.128313263841584202e-02 2.090671982971665024e-02 4.720975775655736470e+03
8.286194719407222187e-02 2.117210705282132968e-02 4.661786955405470508e+03
8.447142808012511606e-02 2.144044936878894414e-02 4.603428894482619398e+03
8.611217094843018338e-02 2.171177324448287857e-02 4.545889075927006161e+03
8.778478302057242388e-02 2.198610535244992920e-02 4.489155168538883117e+03
8.948988331259186135e-02 2.226347257430579332e-02 4.433215024401767550e+03
9.122810286407524727e-02 2.254390200419888191e-02 4.378056676433224311e+03
9.300008497169702515e-02 2.282742095235271856e-02 4.323668335963232494e+03
9.480648542729651351e-02 2.311405694868776811e-02 4.270038390339695070e+03
9.664797276057995878e-02 2.340383774652305543e-02 4.217155400560736780e+03
9.852522848653569310e-02 2.369679132635803265e-02 4.165008098933448309e+03
1.004389473576559333e-01 2.399294589973531913e-02 4.113585386758718414e+03
1.023898376210576056e-01 2.429232991318459878e-02 4.062876332041862952e+03
1.043786212805965785e-01 2.459497205224816380e-02 4.012870167228737046e+03
1.064060343640739620e-01 2.490090124558841378e-02 3.963556286967060259e+03
1.084728271956321710e-01 2.521014666917759106e-02 3.914924245892693307e+03
1.105797646734419798e-01 2.552273775057007851e-02 3.866963756440603902e+03
1.127276265527831917e-01 2.583870417325734303e-02 3.819664686680308932e+03
1.149172077346238274e-01 2.615807588110586127e-02 3.773017058175531020e+03
1.171493185598046077e-01 2.648088308287777429e-02 3.727011043867917579e+03
1.194247851089372398e-01 2.680715625683475350e-02 3.681636965984541348e+03
1.217444495081291406e-01 2.713692615542467185e-02 3.636885293969048689e+03
1.241091702406438985e-01 2.747022381005085820e-02 3.592746642436281036e+03
1.265198224646178204e-01 2.780708053592420570e-02 3.549211769150123928e+03
1.289772983369465442e-01 2.814752793699750594e-02 3.506271573024469944e+03
1.314825073434627012e-01 2.849159791098171066e-02 3.463917092147110907e+03
1.340363766355271991e-01 2.883932265444370119e-02 3.422139501826407923e+03
1.366398513731580389e-01 2.919073466798523947e-02 3.380930112660546911e+03
1.392938950748240090e-01 2.954586676150215696e-02 3.340280368629277746e+03
1.419994899740327776e-01 2.990475205952343452e-02 3.300181845207937840e+03
1.447576373828446950e-01 3.026742400662931279e-02 3.260626247503623290e+03
1.475693580624491408e-01 3.063391637294760397e-02 3.221605408413357509e+03
1.504356926009355888e-01 3.100426325972704955e-02 3.183111286804128213e+03
