# M_PBH = 30 M_solar.
# Columns: semi-major axis [pc], truncation radius [pc], decoupling redshift
1.000000000000000082e-05 2.487241271812887675e-05 2.657043472185932565e+06
1.018605732462411459e-05 2.521868281746084551e-05 2.620560398903601803e+06
1.037557638205285942e-05 2.556977351145253043e-05 2.584578276505184826e+06
1.056862158036062920e-05 2.592575190547916691e-05 2.549090226498411503e+06
1.076525852598128712e-05 2.628668603890319525e-05 2.514089464839320630e+06
1.096555404600439022e-05 2.665264489806806801e-05 2.479569300635408144e+06
1.116957621088646197e-05 2.702369842947285471e-05 2.445523134866559878e+06
1.137739435758473085e-05 2.739991755312979558e-05 2.411944459123563021e+06
1.158907911312130239e-05 2.778137417610742667e-05 2.378826854363940656e+06
1.180470241858573505e-05 2.816814120626199693e-05 2.346163989684862085e+06
1.202433755358432438e-05 2.856029256615980663e-05 2.313949621112892870e+06
1.224805916114404227e-05 2.895790320719257766e-05 2.282177590410395060e+06
1.247594327308007597e-05 2.936104912388936953e-05 2.250841823898285162e+06
1.270806733583522713e-05 2.976980736842714816e-05 2.219936331294967327e+06
1.294451023680006134e-05 3.018425606534289775e-05 2.189455204571217764e+06
1.318535233112291039e-05 3.060447442645043009e-05 2.159392616820765659e+06
1.343067546901841774e-05 3.103054276596383927e-05 2.129742821146426257e+06
1.368056302358444781e-05 3.146254251583160006e-05 2.100500149561486673e+06
1.393509991913641891e-05 3.190055624128339007e-05 2.071659011906195665e+06
1.419437266006884464e-05 3.234466765659287487e-05 2.043213894779132213e+06
1.445846936025382482e-05 3.279496164105939006e-05 2.015159360483244527e+06
1.472747977298668064e-05 3.325152425521183747e-05 1.987490045986348530e+06
1.500149532148844804e-05 3.371444275723720085e-05 1.960200661895925878e+06
1.528060912997618117e-05 3.418380561963745554e-05 1.933285991447979119e+06
1.556491605531120176e-05 3.465970254611783338e-05 1.906740889509773348e+06
1.585451271923618208e-05 3.514222448870932942e-05 1.880560281596280867e+06
1.614949754121218980e-05 3.563146366512940115e-05 1.854739162900109077e+06
1.644997077186635716e-05 3.612751357638310985e-05 1.829272597334779566e+06
1.675603452706219228e-05 3.663046902460898670e-05 1.804155716591123957e+06
1.706779282260364046e-05 3.714042613117271363e-05 1.779383719206632115e+06
1.738535160958487258e-05 3.765748235501166822e-05 1.754951869647595333e+06
1.770881881039772687e-05 3.818173651123436455e-05 1.730855497403839836e+06
1.803830435540930958e-05 3.871328878997792059e-05 1.707089996095894137e+06
1.837392022032160617e-05 3.925224077552719101e-05 1.683650822594421217e+06
1.871578046422660491e-05 3.979869546569944822e-05 1.660533496151731117e+06
1.906400126836923169e-05 4.035275729149770163e-05 1.637733597545232158e+06
1.941870097563154346e-05 4.091453213703718833e-05 1.615246768232627073e+06
1.978000013075171610e-05 4.148412735974808471e-05 1.593068709518718766e+06
2.014802152129094531e-05 4.206165181085823356e-05 1.571195181733666454e+06
2.052289021936299580e-05 4.264721585616071820e-05 1.549622003422499634e+06
2.090473362413990691e-05 4.324093139706877730e-05 1.528345050545787672e+06
2.129368150514863065e-05 4.384291189196346780e-05 1.507360255691261962e+06
2.168986604637318104e-05 4.445327237783669845e-05 1.486663607296285685e+06
2.209342189117754487e-05 4.507212949223521071e-05 1.466251148880974390e+06
2.250448618806398035e-05 4.569960149550804818e-05 1.446118978291874519e+06
2.292319863728313622e-05 4.633580829336329473e-05 1.426263246956000803e+06
2.334970153831113945e-05 4.698087145973685953e-05 1.406680159145138925e+06
2.378413983821006729e-05 4.763491425997887913e-05 1.387365971250232775e+06
2.422666118088838834e-05 4.829806167436153123e-05 1.368316991065736627e+06
2.467741595727749012e-05 4.897044042191201434e-05 1.349529577083813259e+06
2.513655735644224006e-05 4.965217898457675107e-05 1.331000137798197800e+06
2.560424141764226633e-05 5.034340763171991879e-05 1.312725131017636042e+06
2.608062708336191250e-05 5.104425844496177604e-05 1.294701063188742846e+06
2.656587625332681600e-05 5.175486534336079617e-05 1.276924488728166325e+06
2.706015383952574537e-05 5.247536410894549009e-05 1.259392009363903198e+06
2.756362782225566012e-05 5.320589241259873704e-05 1.242100273485688493e+06
2.807646930721003048e-05 5.394658984030161646e-05 1.225045975504280068e+06
2.859885258362908919e-05 5.469759791974052889e-05 1.208225855219548568e+06
2.913095518353197821e-05 5.545906014728260003e-05 1.191636697197246365e+06
2.967295794205127474e-05 5.623112201532499228e-05 1.175275330154328374e+06
3.022504505888947020e-05 5.701393104002220973e-05 1.159138626352725783e+06
3.078740416091950259e-05 5.780763678939820015e-05 1.143223501001425786e+06
3.136022636594970505e-05 5.861239091184680460e-05 1.127526911666777218e+06
3.194370634767516306e-05 5.942834716502734451e-05 1.112045857690880774e+06
3.253804240183784516e-05 6.025566144515961530e-05 1.096777379617974395e+06
3.314343651361703890e-05 6.109449181672448005e-05 1.081718558628691593e+06
3.376009442627432393e-05 6.194499854257536900e-05 1.066866515982087469e+06
3.438822571107533541e-05 6.280734411446642438e-05 1.052218412465326022e+06
3.502804383851262422e-05 6.368169328400266420e-05 1.037771447850927478e+06
3.567976625085360879e-05 6.456821309401878533e-05 1.023522860361459083e+06
3.634361443603829764e-05 6.546707291039102403e-05 1.009469926141589996e+06
3.701981400295226133e-05 6.637844445428992088e-05 9.956099587373785907e+05
3.770859475809943144e-05 6.730250183487792030e-05 9.819403085827272153e+05
3.841019078370212298e-05 6.823942158245955669e-05 9.684583624928764766e+05
3.912484051725378600e-05 6.918938268208974310e-05 9.551615431648578960e+05
3.985278683255233021e-05 7.015256660764672186e-05 9.420473086848006351e+05
4.059427712224031434e-05 7.112915735637474583e-05 9.291131520420183660e+05
4.134956338188170761e-05 7.211934148390519088e-05 9.163566006497510243e+05
4.211890229560253139e-05 7.312330813976069405e-05 9.037752158724961337e+05
4.290255532332495962e-05 7.414124910334967636e-05 8.913665925598294707e+05
4.370078878962455125e-05 7.517335882045801296e-05 8.791283585866243811e+05
4.451387397424057241e-05 7.621983444024413897e-05 8.670581743995887227e+05
4.534208720427079613e-05 7.728087585274539737e-05 8.551537325700201327e+05
4.618570994808079158e-05 7.835668572690103625e-05 8.434127573527145432e+05
4.704502891096131996e-05 7.944746954910070539e-05 8.318330042509193299e+05
4.792033613256498059e-05 8.055343566226395434e-05 8.204122595872700913e+05
4.881192908615632079e-05 8.167479530546000203e-05 8.091483400806045393e+05
4.972011077970754910e-05 8.281176265407164030e-05 7.980390924286097288e+05
5.064518985887624743e-05 8.396455486051506215e-05 7.870823928961773636e+05
5.158748071189853628e-05 8.513339209551988368e-05 7.762761469094231725e+05
5.254730357643393272e-05 8.631849758997791136e-05 7.656182886552803684e+05
5.352498464839818785e-05 8.752009767736907081e-05 7.551067806865862804e+05
5.452085619282085154e-05 8.873842183677104292e-05 7.447396135325987125e+05
5.553525665676609422e-05 8.997370273646236507e-05 7.345148053148481995e+05
5.656853078435324198e-05 9.122617627812410694e-05 7.244304013682825025e+05
5.762102973391860426e-05 9.249608164165187070e-05 7.144844738675953122e+05
5.869311119735643947e-05 9.378366133058277788e-05 7.046751214587008581e+05
5.978513952168101712e-05 9.508916121814945028e-05 6.950004688952532597e+05
6.089748583284936354e-05 9.641283059396510500e-05 6.854586666801741812e+05
6.203052816188885869e-05 9.775492221135247584e-05 6.760478907120892545e+05
6.318465157337104659e-05 9.911569233532305267e-05 6.667663419366225135e+05
6.436024829627587428e-05 1.004954007912148110e-04 6.576122460024844622e+05
6.555771785729076425e-05 1.018943110139995586e-04 6.485838529222747311e+05
6.677746721658963682e-05 1.033126900982667015e-04 6.396794367379470496e+05
6.801991090613895689e-05 1.047508088488941787e-04 6.308972951908641262e+05
6.928547117057564395e-05 1.062089418324139084e-04 6.222357493963892339e+05
7.057457811070750437e-05 1.076873674290834839e-04 6.136931435229389463e+05
7.188766982968288822e-05 1.091863678856715733e-04 6.052678444754463853e+05
7.322519258187999941e-05 1.107062293689676060e-04 5.969582415831704857e+05
7.458760092456700650e-05 1.122472420200256002e-04 5.887627462917892262e+05
7.597535787238262413e-05 1.138097000091501401e-04 5.806797918597281678e+05
7.738893505469214768e-05 1.153939015916378931e-04 5.727078330586481607e+05
7.882881287587068474e-05 1.170001491642807786e-04 5.648453458780554356e+05
8.029548067856864726e-05 1.186287493226444097e-04 5.570908272339603864e+05
8.178943691001464966e-05 1.202800129191296540e-04 5.494427946815413889e+05
8.331118929141366860e-05 1.219542551218296051e-04 5.418997861317496281e+05
8.486125499049504048e-05 1.236517954741901660e-04 5.344603595718129072e+05
8.644016079727267891e-05 1.253729579554882685e-04 5.271230927895681234e+05
8.804844330307456826e-05 1.271180710421358090e-04 5.198865831015838194e+05
8.968664908290319745e-05 1.288874677698210341e-04 5.127494470850167563e+05
9.135533488118988523e-05 1.306814857964998201e-04 5.057103203131448827e+05
9.305506780100330588e-05 1.325004674662452601e-04 4.987678570945399697e+05
9.478642549678034386e-05 1.343447598739697633e-04 4.919207302158151288e+05
9.654999637064174084e-05 1.362147149310303455e-04 4.851676306879057083e+05
9.834637977236070463e-05 1.381106894317273828e-04 4.785072674958365969e+05
1.001761862030517680e-04 1.400330451207103830e-04 4.719383673519235454e+05
1.020400375226504654e-04 1.419821487613026438e-04 4.654596744523613015e+05
1.039385671612513335e-04 1.439583722047547217e-04 4.590699502371593262e+05
1.058724203343799653e-04 1.459620924604416970e-04 4.527679731533699087e+05
1.078422542622693085e-04 1.479936917670152162e-04 4.465525384215672966e+05
1.098487383932164531e-04 1.500535576645231021e-04 4.404224578055344173e+05
1.118925546310939464e-04 1.521420830675084869e-04 4.343765593851127196e+05
1.139743975670958522e-04 1.542596663391030234e-04 4.284136873321682215e+05
1.160949747157937584e-04 1.564067113661243922e-04 4.225327016896386631e+05
1.182550067555862555e-04 1.585836276351948297e-04 4.167324781536083319e+05
1.204552277736212375e-04 1.607908303098901082e-04 4.110119078583808732e+05
1.226963855152759446e-04 1.630287403089361001e-04 4.053698971644982230e+05
1.249792416382780689e-04 1.652977843854627098e-04 3.998053674496747553e+05
1.273045719715549574e-04 1.675983952073320331e-04 3.943172549025998451e+05
1.296731667788995185e-04 1.699310114385530770e-04 3.889045103195714764e+05
1.320858310275412626e-04 1.722960778217974868e-04 3.835660989039230626e+05
1.345433846617149858e-04 1.746940452620308361e-04 3.783010000682028476e+05
1.370466628813180488e-04 1.771253709112720830e-04 3.731082072390725953e+05
1.395965164257541530e-04 1.795905182544983508e-04 3.679867276648823172e+05
1.421938118630563684e-04 1.820899571967079611e-04 3.629355822258879780e+05
1.448394318843908670e-04 1.846241641511566292e-04 3.579538052470757393e+05
1.475342756040393740e-04 1.871936221287825129e-04 3.530404443135560141e+05
1.502792588649636604e-04 1.897988208288351332e-04 3.481945600884910673e+05
1.530753145500546710e-04 1.924402567307230188e-04 3.434152261335241492e+05
1.559233928991724839e-04 1.951184331870947403e-04 3.387015287316752947e+05
1.588244618320859569e-04 1.978338605181720604e-04 3.340525667126658373e+05
1.617795072774200725e-04 2.005870561073480791e-04 3.294674512806429993e+05
1.647895335077245000e-04 2.033785444980670126e-04 3.249453058442702750e+05
1.678555634807746657e-04 2.062088574920016007e-04 3.204852658491514740e+05
1.709786391872252724e-04 2.090785342485465179e-04 3.160864786125532119e+05
1.741598220047299735e-04 2.119881213856411530e-04 3.117481031603989541e+05
1.774001930586512077e-04 2.149381730819395898e-04 3.074693100665019010e+05
1.807008535894804311e-04 2.179292511803473074e-04 3.032492812940014410e+05
1.840629253270955191e-04 2.209619252929358191e-04 2.990872100389819243e+05
1.874875508719802905e-04 2.240367729072585072e-04 2.949823005762344692e+05
1.909758940835371260e-04 2.271543794940798517e-04 2.909337681071400875e+05
1.945291404756252529e-04 2.303153386165400604e-04 2.869408386096382164e+05
1.981484976194574006e-04 2.335202520407691422e-04 2.830027486902574892e+05
2.018351955539938233e-04 2.367697298479702638e-04 2.791187454381770804e+05
2.055904872039697288e-04 2.400643905479888708e-04 2.752880862812933628e+05
2.094156488057036204e-04 2.434048611943883333e-04 2.715100388442605617e+05
2.133119803408248672e-04 2.467917775010464577e-04 2.677838808084831689e+05
2.172808059780734593e-04 2.502257839602955222e-04 2.641088997740287450e+05
2.213234745233183933e-04 2.537075339626213401e-04 2.604843931234380289e+05
2.254413598779503823e-04 2.572376899179421158e-04 2.569096678874039208e+05
2.296358615058017617e-04 2.608169233784846000e-04 2.533840406122959976e+05
2.339084049087541061e-04 2.644459151632777127e-04 2.499068372295032023e+05
2.382604421111958102e-04 2.681253554842819562e-04 2.464773929265711631e+05
2.426934521534923432e-04 2.718559440741761396e-04 2.430950520201077452e+05
2.472089415946392903e-04 2.756383903158187614e-04 2.397591678304341331e+05
2.518084450242648472e-04 2.794734133734027540e-04 2.364691025579590059e+05
2.564935255841621826e-04 2.833617423253285798e-04 2.332242271612467302e+05
2.612657754995218037e-04 2.873041162988106416e-04 2.300239212367619621e+05
2.661268166200503825e-04 2.913012846062385279e-04 2.268675729002655135e+05
2.710783009711559928e-04 2.953540068833151577e-04 2.237545786698377342e+05
2.761219113153901158e-04 2.994630532289919360e-04 2.206843433505075809e+05
2.812593617243339832e-04 3.036292043472176710e-04 2.176562799204682815e+05
2.864923981611255509e-04 3.078532516905284669e-04 2.146698094188523246e+05
2.918227990738261630e-04 3.121359976054943123e-04 2.117243608350494760e+05
2.972523759998255328e-04 3.164782554800458386e-04 2.088193709995432873e+05
3.027829741814944543e-04 3.208808498927024971e-04 2.059542844762468885e+05
3.084164731932882600e-04 3.253446167637214555e-04 2.031285534563172841e+05
3.141547875805230706e-04 3.298704035081917148e-04 2.003416376534270239e+05
3.199998675100320278e-04 3.344590691910925297e-04 1.975930042004741554e+05
3.259536994329308179e-04 3.391114846843376542e-04 1.948821275477109884e+05
3.320183067597129055e-04 3.438285328258300225e-04 1.922084893622703967e+05
3.381957505479066587e-04 3.486111085805469788e-04 1.895715784290718439e+05
3.444881302025254639e-04 3.534601192036754074e-04 1.869708905530890916e+05
3.508975841895500044e-04 3.583764844058247366e-04 1.844059284629583126e+05
3.574262907626872998e-04 3.633611365203326155e-04 1.818762017159115640e+05
3.640764687036496380e-04 3.684150206726956810e-04 1.793812266040124232e+05
3.708503780762092712e-04 3.735390949521345772e-04 1.769205260616826126e+05
3.777503209942790021e-04 3.787343305853278666e-04 1.744936295744958043e+05
3.847786424042886266e-04 3.840017121123308255e-04 1.721000730892240535e+05
3.919377308821127238e-04 3.893422375647006997e-04 1.697393989251207095e+05
3.992300194448299535e-04 3.947569186458573139e-04 1.674111556864192826e+05
4.066579863775833916e-04 4.002467809136928036e-04 1.651148981760358147e+05
4.142241560758272672e-04 4.058128639654650033e-04 1.628501873104532424e+05
4.219310999032423182e-04 4.114562216249814815e-04 1.606165900357778301e+05
4.297814370656130958e-04 4.171779221321119009e-04 1.584136792449456407e+05
4.377778355009666225e-04 4.229790483346428510e-04 1.562410336960665300e+05
4.459230127862707734e-04 4.288606978825005244e-04 1.540982379318890162e+05
4.542197370610046329e-04 4.348239834243642753e-04 1.519848822003708046e+05
4.626708279679081427e-04 4.408700328066900891e-04 1.499005623763406766e+05
4.712791576112414530e-04 4.469999892751744816e-04 1.478448798842341930e+05
4.800476515328668762e-04 4.532150116786714611e-04 1.458174416218919214e+05
4.889792897064963772e-04 4.595162746755929086e-04 1.438178598854029260e+05
4.980771075504349023e-04 4.659049689428128153e-04 1.418457522949797858e+05
5.073441969591695275e-04 4.723823013870950545e-04 1.399007417218519840e+05
5.167837073541489299e-04 4.789494953590702213e-04 1.379824562161625654e+05
5.263988467541134107e-04 4.856077908697815980e-04 1.360905289358548180e+05
5.361928828653423620e-04 4.923584448098245305e-04 1.342245980765351560e+05
5.461691441921835786e-04 4.992027311710984074e-04 1.323843068022989319e+05
5.563310211682475715e-04 5.061419412711985625e-04 1.305693031775051786e+05
5.666819673086436436e-04 5.131773839804586179e-04 1.287792400994895725e+05
5.772255003836612676e-04 5.203103859516786675e-04 1.270137752321994631e+05
5.879652036142812236e-04 5.275422918525492742e-04 1.252725709407409886e+05
5.989047268899358673e-04 5.348744646008006098e-04 1.235552942268238839e+05
6.100477880089230425e-04 5.423082856020884461e-04 1.218616166650936357e+05
6.213981739419024422e-04 5.498451549906494158e-04 1.201912143403360387e+05
6.329597421188964956e-04 5.574864918727325891e-04 1.185437677855453803e+05
6.447364217402377050e-04 5.652337345728373997e-04 1.169189619208419317e+05
6.567322151119090118e-04 5.730883408827754837e-04 1.153164859932274412e+05
6.689511990057274643e-04 5.810517883135685744e-04 1.137360335171691404e+05
6.813975260448373915e-04 5.891255743502148709e-04 1.121773022159973480e+05
6.940754261149760388e-04 5.973112167093272418e-04 1.106399939641092351e+05
7.069892078020055190e-04 6.056102535996741622e-04 1.091238147299647680e+05
7.201432598561819482e-04 6.140242439856320603e-04 1.076284745198657620e+05
7.335420526836750272e-04 6.225547678535723814e-04 1.061536873225062154e+05
7.471901398658348497e-04 6.312034264811972484e-04 1.046991710542838264e+05
7.610921597067296087e-04 6.399718427098413914e-04 1.032646475053619361e+05
7.752528368094720136e-04 6.488616612197508618e-04 1.018498422864725289e+05
7.896769836818746773e-04 6.578745488083631446e-04 1.004544847764484584e+05
8.043695023719837304e-04 6.670121946715946298e-04 9.907830807047626877e+04
8.193353861340390513e-04 6.762763106881552848e-04 9.772104892905900488e+04
8.345797211254356307e-04 6.856686317068994181e-04 9.638244772767943505e+04
8.501076881352486641e-04 6.951909158372235938e-04 9.506224840715478058e+04
8.659245643449323430e-04 7.048449447425352227e-04 9.376019842467144190e+04
8.820357251217643716e-04 7.146325239367863017e-04 9.247604870549277985e+04
8.984466458456690559e-04 7.245554830840911665e-04 9.120955359532959119e+04
9.151629037700236263e-04 7.346156763014443031e-04 8.996047081336315023e+04
9.321901799170913749e-04 7.448149824645299791e-04 8.872856140591419535e+04
9.495342610087160844e-04 7.551553055166484139e-04 8.751358970074658282e+04
9.672010414329379165e-04 7.656385747807498143e-04 8.631532326199903036e+04
9.851965252472049198e-04 7.762667452745979600e-04 8.513353284573416749e+04
1.003526828218850950e-03 7.870417980290534722e-04 8.396799235609825701e+04
1.022198179903543221e-03 7.979657404094888003e-04 8.281847880208211427e+04
1.041216925762391415e-03 8.090406064403339505e-04 8.168477225487542455e+04
1.060589529318461044e-03 8.202684571327589205e-04 8.056665580580571259e+04
1.080322574353395453e-03 8.316513808154813456e-04 7.946391552485521242e+04
1.100422767144917241e-03 8.431914934687135621e-04 7.837634041974601860e+04
1.120896938745962173e-03 8.548909390612382435e-04 7.730372239558666479e+04
1.141752047306205612e-03 8.667518898906027445e-04 7.624585621507282485e+04
1.162995180436794196e-03 8.787765469264398506e-04 7.520253945923343417e+04
1.184633557619075303e-03 8.909671401569048497e-04 7.417357248871498450e+04
1.206674532658130522e-03 9.033259289382063748e-04 7.315875840559783683e+04
1.229125596181971812e-03 9.158552023472435943e-04 7.215790301573534089e+04
1.251994378187235631e-03 9.285572795373252470e-04 7.117081479160964955e+04
1.275288650632229372e-03 9.414345100969533911e-04 7.019730483569744683e+04
1.299016330078242576e-03 9.544892744116719764e-04 6.923718684433744056e+04
1.323185480379981830e-03 9.677239840289460866e-04 6.829027707209398795e+04
1.347804315426078025e-03 9.811410820260713095e-04 6.735639429660873429e+04
1.372881201930579304e-03 9.947430433810790836e-04 6.643535978393458936e+04
1.398424662276373607e-03 1.008532375346620023e-03 6.552699725434506399e+04
1.424443377411524622e-03 1.022511617826801691e-03 6.463113284861237480e+04
1.450946189799497349e-03 1.036683343756962181e-03 6.374759509474741208e+04
1.477942106424262082e-03 1.051050159486326694e-03 6.287621487519659422e+04
1.505440301851323267e-03 1.065614705163552651e-03 6.201682539448743046e+04
1.533450121345701070e-03 1.080379655125097201e-03 6.116926214731819346e+04
1.561981084047909954e-03 1.095347718286388905e-03 6.033336288708489155e+04
1.591042886209052950e-03 1.110521638535766310e-03 5.950896759483940696e+04
1.620645404486081766e-03 1.125904195131136130e-03 5.869591844867327018e+04
1.650798699298384803e-03 1.141498203099310929e-03 5.789405979352103168e+04
1.681513018246827374e-03 1.157306513637987484e-03 5.710323811137717712e+04
1.712798799596389936e-03 1.173332014520308587e-03 5.632330199192144210e+04
1.744666675823618174e-03 1.189577630501960359e-03 5.555410210354658193e+04
1.777127477230077378e-03 1.206046323730764315e-03 5.479549116478264477e+04
1.810192235623020408e-03 1.222741094158681782e-03 5.404732391611346247e+04
1.843872188064555120e-03 1.239664979956197266e-03 5.330945709217869444e+04
1.878178780690565675e-03 1.256821057929013996e-03 5.258174939435654960e+04
1.913123672600670552e-03 1.274212443936973164e-03 5.186406146372268995e+04
1.948718739820584894e-03 1.291842293315174093e-03 5.115625585437848349e+04
1.984976079338174326e-03 1.309713801297167400e-03 5.045819700714568171e+04
2.021908013214624919e-03 1.327830203440202948e-03 4.976975122362026013e+04
2.059527092772102299e-03 1.346194776052421320e-03 4.909078664058191498e+04
2.097846102859308309e-03 1.364810836621900818e-03 4.842117320475438464e+04
2.136878066196419047e-03 1.383681744247513114e-03 4.776078264791050606e+04
2.176636247800864919e-03 1.402810900071468306e-03 4.710948846231841162e+04
2.217134159495435033e-03 1.422201747713460048e-03 4.646716587652401358e+04
2.258385564500278459e-03 1.441857773706332457e-03 4.583369183146463183e+04
2.300404482110342784e-03 1.461782507933164074e-03 4.520894495690946496e+04
2.343205192459817728e-03 1.481979524065648538e-03 4.459280554822288104e+04
2.386802241375258690e-03 1.502452440003707122e-03 4.398515554344492557e+04
2.431210445318970990e-03 1.523204918316172895e-03 4.338587850068618718e+04
2.476444896424393437e-03 1.544240666682474309e-03 4.279485957583138952e+04
2.522520967625169978e-03 1.565563438335193730e-03 4.221198550054788211e+04
2.569454317879627664e-03 1.587177032503351518e-03 4.163714456059542863e+04
2.617260897492481100e-03 1.609085294856334343e-03 4.107022657443211938e+04
2.665956953535557512e-03 1.631292117948310739e-03 4.051112287211300281e+04
2.715559035369345675e-03 1.653801441663002060e-03 3.995972627447745617e+04
2.766084000267309429e-03 1.676617253658697166e-03 3.941593107262066042e+04
2.817549019144839715e-03 1.699743589813341700e-03 3.887963300764605810e+04
2.869971582394775875e-03 1.723184534669569470e-03 3.835072925069455960e+04
2.923369505831536694e-03 1.746944221879544743e-03 3.782911838324638666e+04
2.977760936745810563e-03 1.771026834649430497e-03 3.731470037769256305e+04
3.033164360071919849e-03 1.795436606183358364e-03 3.680737657817159197e+04
3.089598604669939810e-03 1.820177820126732014e-03 3.630704968166792969e+04
3.147082849724668497e-03 1.845254811008683552e-03 3.581362371936903219e+04
3.205636631263686278e-03 1.870671964683544384e-03 3.532700403827678383e+04
3.265279848796684686e-03 1.896433718771145570e-03 3.484709728307017213e+04
3.326032772078299331e-03 1.922544563095769220e-03 3.437381137821582524e+04
3.387916047996797440e-03 1.949009040123584821e-03 3.390705551032277435e+04
3.450950707590936303e-03 1.975831745398389221e-03 3.344674011073812289e+04
3.515158173197339714e-03 2.003017327975449915e-03 3.299277683838061057e+04
3.580560265730908624e-03 2.030570490853289209e-03 3.254507856280832857e+04
3.647179212100639095e-03 2.058495991403196980e-03 3.210355934751779205e+04
3.715037652763448356e-03 2.086798641796287941e-03 3.166813443347104112e+04
3.784158649418550326e-03 2.115483309427921687e-03 3.123872022284731793e+04
3.854565692844952318e-03 2.144554917339239197e-03 3.081523426301716972e+04
3.926282710884811643e-03 2.174018444635677887e-03 3.039759523073471428e+04
3.999334076575326163e-03 2.203878926902216699e-03 2.998572291654595756e+04
4.073744616431892313e-03 2.234141456615143084e-03 2.957953820941011872e+04
4.149539618885408898e-03 2.264811183550174880e-03 2.917896308153046630e+04
4.226744842876568181e-03 2.295893315186676911e-03 2.878392057339255916e+04
4.305386526610002589e-03 2.327393117107785358e-03 2.839433477900665821e+04
4.385491396471380074e-03 2.359315913396247810e-03 2.801013083135131092e+04
4.467086676110333839e-03 2.391667087025696210e-03 2.763123488801615531e+04
4.550200095692440855e-03 2.424452080247227383e-03 2.725757411704022888e+04
4.634859901323334398e-03 2.457676394971001436e-03 2.688907668294392715e+04
4.721094864648114724e-03 2.491345593142685853e-03 2.652567173295151952e+04
4.808934292629418045e-03 2.525465297114498544e-03 2.616728938340196328e+04
4.898408037507397290e-03 2.560041190010680680e-03 2.581386070634499993e+04
4.989546506944986075e-03 2.595079016087118318e-03 2.546531771632067830e+04
5.082380674361959561e-03 2.630584581084953640e-03 2.512159335731929605e+04
5.176942089461268603e-03 2.666563752577967225e-03 2.478262148991939830e+04
5.273262888951177341e-03 2.703022460313489819e-03 2.444833687860174177e+04
5.371375807466965968e-03 2.739966696546673568e-03 2.411867517923649575e+04
5.471314188695766169e-03 2.777402516367880742e-03 2.379357292674169003e+04
5.573111996708429716e-03 2.815336038023035121e-03 2.347296752291020675e+04
5.676803827502243174e-03 2.853773443226694049e-03 2.315679722440345358e+04
5.782424920758343252e-03 2.892720977467681115e-03 2.284500113090920422e+04
5.890011171817948442e-03 2.932184950307047903e-03 2.253751917346176197e+04
5.999599143881408081e-03 2.972171735668252459e-03 2.223429210292171410e+04
6.111226080434178400e-03 3.012687772119292985e-03 2.193526147861384743e+04
6.224929917904042410e-03 3.053739563146694834e-03 2.164036965712054007e+04
6.340749298553826317e-03 3.095333677421144812e-03 2.134955978122895613e+04
6.458723583613936239e-03 3.137476749054624904e-03 2.106277576902987130e+04
6.578892866659324414e-03 3.180175477848930926e-03 2.077996230316595756e+04
6.701297987235255507e-03 3.223436629535356666e-03 2.050106482022808268e+04
6.825980544736644402e-03 3.267267036005505783e-03 2.022602950029703425e+04
6.952982912545640527e-03 3.311673595533056683e-03 1.995480325662917312e+04
7.082348252432184126e-03 3.356663272986355924e-03 1.968733372548418993e+04
7.214120529222557351e-03 3.402243100031793286e-03 1.942356925609279642e+04
7.348344525740862880e-03 3.448420175327836668e-03 1.916345890076275464e+04
7.485065858028423433e-03 3.495201664709649599e-03 1.890695240512147939e+04
7.624330990846423482e-03 3.542594801364222848e-03 1.865400019849344244e+04
7.766187253466985164e-03 3.590606885996040516e-03 1.840455338441031927e+04
7.910682855757973642e-03 3.639245286983106269e-03 1.815856373125288519e+04
8.057866904567192318e-03 3.688517440523484542e-03 1.791598366302211434e+04
8.207789420411289172e-03 3.738430850772189295e-03 1.767676625023860834e+04
8.360501354475266197e-03 3.788993089968551754e-03 1.744086520096819004e+04
8.516054605928261023e-03 3.840211798554043262e-03 1.720823485197228729e+04
8.674502039561450203e-03 3.892094685280581869e-03 1.697883015998162591e+04
8.835897503754163926e-03 3.944649527309447568e-03 1.675260669309140940e+04
9.000295848774304483e-03 3.997884170300842165e-03 1.652952062227664283e+04
9.167752945419152186e-03 4.051806528494186592e-03 1.630952871302619496e+04
9.338325704003096889e-03 4.106424584779323934e-03 1.609258831709383048e+04
9.512072093698639014e-03 4.161746390758739624e-03 1.587865736436498628e+04
9.689051162237156609e-03 4.217780066800936277e-03 1.566769435483784582e+04
9.869323055976358255e-03 4.274533802085225126e-03 1.545965835071709262e+04
1.005294904034096520e-02 4.332015854638026839e-03 1.525450896861930050e+04
1.023999152064379407e-02 4.390234551361012205e-03 1.505220637188822184e+04
1.043051406329425536e-02 4.449198288051271766e-03 1.485271126301886216e+04
1.062458141740132977e-02 4.508915529413784137e-03 1.465598487618897161e+04
1.082225953677859627e-02 4.569394809066499620e-03 1.446198896989656896e+04
1.102361560235868079e-02 4.630644729538350469e-03 1.427068581970224477e+04
1.122871804502463197e-02 4.692673962260509625e-03 1.408203821107498698e+04
1.143763656886620170e-02 4.755491247551257850e-03 1.389600943234026818e+04
1.165044217486881951e-02 4.819105394594877349e-03 1.371256326772909233e+04
1.186720718504321280e-02 4.883525281414916215e-03 1.353166399052690758e+04
1.208800526700413470e-02 4.948759854842349308e-03 1.335327635632093734e+04
1.231291145900623510e-02 5.014818130478944369e-03 1.317736559634510922e+04
1.254200219544585396e-02 5.081709192656466527e-03 1.300389741092097756e+04
1.277535533283729631e-02 5.149442194392122793e-03 1.283283796299374080e+04
1.301305017627230921e-02 5.218026357340747878e-03 1.266415387176220611e+04
1.325516750637195651e-02 5.287470971744361904e-03 1.249781220640138417e+04
1.350178960673996398e-02 5.357785396379565780e-03 1.233378047987675563e+04
1.375300029192673586e-02 5.428979058503426505e-03 1.217202664284898674e+04
1.400888493591377799e-02 5.501061453798397963e-03 1.201251907766805380e+04
1.426953050112809637e-02 5.574042146316962425e-03 1.185522659245559225e+04
1.453502556799630627e-02 5.647930768426532265e-03 1.170011841527454635e+04
1.480546036504874242e-02 5.722737020755376894e-03 1.154716418838484424e+04
1.508092679958367675e-02 5.798470672140203751e-03 1.139633396258410357e+04
1.536151848890192698e-02 5.875141559576029134e-03 1.124759819163242355e+04
1.564733079212282316e-02 5.952759588169156783e-03 1.110092772675997003e+04
1.593846084259191442e-02 6.031334731093841890e-03 1.095629381125657892e+04
1.623500758089178528e-02 6.110877029553528697e-03 1.081366807514204811e+04
1.653707178846708023e-02 6.191396592747247171e-03 1.067302252991634668e+04
1.684475612187499166e-02 6.272903597842037840e-03 1.053432956338851727e+04
1.715816514767315101e-02 6.355408289952129905e-03 1.039756193458330927e+04
1.747740537795662921e-02 6.438920982125585606e-03 1.026269276872459159e+04
1.780258530655600552e-02 6.523452055339300747e-03 1.012969555229436992e+04
1.813381544590902603e-02 6.609011958503011042e-03 9.998544128166568044e+03
1.847120836461835572e-02 6.695611208473258372e-03 9.869212690814329108e+03
1.881487872570788283e-02 6.783260390077866867e-03 9.741675781590154656e+03
1.916494332559112029e-02 6.871970156151993060e-03 9.615908284077495409e+03
1.952152113376435030e-02 6.961751227586294825e-03 9.491885419513107990e+03
1.988473333323845932e-02 7.052614393388188796e-03 9.369582742278940714e+03
2.025470336172309135e-02 7.144570510756859810e-03 9.248976135462688035e+03
2.063155695357682048e-02 7.237630505172867185e-03 9.130041806485942288e+03
2.101542218253805300e-02 7.331805370503079872e-03 9.012756282798976827e+03
2.140642950525098454e-02 7.427106169121804394e-03 8.897096407641050973e+03
2.180471180560115615e-02 7.523544032048667604e-03 8.783039335865472822e+03
2.221040443987613508e-02 7.621130159104256944e-03 8.670562529828110200e+03
2.262364528276642958e-02 7.719875819084059433e-03 8.559643755338600386e+03
2.304457477422205622e-02 7.819792349951497357e-03 8.450261077673159889e+03
2.347333596718126705e-02 7.920891159050827413e-03 8.342392857647944766e+03
2.391007457618694529e-02 8.023183723340493109e-03 8.236017747752101059e+03
2.435493902690776327e-02 8.126681589647724926e-03 8.131114688339371241e+03
2.480808050658075276e-02 8.231396374945002328e-03 8.027662903877348072e+03
2.526965301539216280e-02 8.337339766649048967e-03 7.925641899253339943e+03
2.573981341881449031e-02 8.444523522942977770e-03 7.825031456135914596e+03
2.621872150091734618e-02 8.552959473122286743e-03 7.725811629391024326e+03
2.670654001866988939e-02 8.662659517965180800e-03 7.627962743551875974e+03
2.720343475725392132e-02 8.773635630127929116e-03 7.531465389341429727e+03
2.770957458640605289e-02 8.885899854565788847e-03 7.436300420246609065e+03
2.822513151780793247e-02 8.999464308979965299e-03 7.342448949143284153e+03
2.875028076354464723e-02 9.114341184291309406e-03 7.249892344970960949e+03
2.928520079565037626e-02 9.230542745141080349e-03 7.158612229456322893e+03
2.983007340676221628e-02 9.348081330419409987e-03 7.068590473884587482e+03
3.038508377190253171e-02 9.466969353821906227e-03 6.979809195917742727e+03
3.095042051141051048e-02 9.587219304434815154e-03 6.892250756458770411e+03
3.152627575504491492e-02 9.708843747349208547e-03 6.805897756560876587e+03
3.211284520727949315e-02 9.831855324304744972e-03 6.720733034380745266e+03
3.271032821381297112e-02 9.956266754363151880e-03 6.636739662175076774e+03
3.331892782931681479e-02 1.008209083461212956e-02 6.553900943339286641e+03
3.393885088644348069e-02 1.020934044089986600e-02 6.472200409487609249e+03
3.457030806611828544e-02 1.033802852860056000e-02 6.391621817573713997e+03
3.521351396913963150e-02 1.046816813341146062e-02 6.312149147050847205e+03
3.586868718911083442e-02 1.059977237218146830e-02 6.233766597070845819e+03
3.653605038672932265e-02 1.073285444377204863e-02 6.156458583720919705e+03
3.721583036545799555e-02 1.086742762995041196e-02 6.080209737297599531e+03
3.790825814860419862e-02 1.100350529631547586e-02 6.005004899616914372e+03
3.861356905783312060e-02 1.114110089325691215e-02 5.930829121360014142e+03
3.933200279314201520e-02 1.128022795694758572e-02 5.857667659453443775e+03
4.006380351432203835e-02 1.142090011036959486e-02 5.785505974483367936e+03
4.080921992393609504e-02 1.156313106437434693e-02 5.714329728142904969e+03
4.156850535184056228e-02 1.170693461877692076e-02 5.644124780711883432e+03
4.234191784127918495e-02 1.185232466348492761e-02 5.574877188568329984e+03
4.312972023657943299e-02 1.199931517966237350e-02 5.506573201730911023e+03
4.393218027247988711e-02 1.214792024092851974e-02 5.439199261431773266e+03
4.474957066512003784e-02 1.229815401459233987e-02 5.372741997719002939e+03
4.558216920472304284e-02 1.245003076292267377e-02 5.307188227088148778e+03
4.643025885000248709e-02 1.260356484445441551e-02 5.242524950142167654e+03
4.729412782432610568e-02 1.275877071533110078e-02 5.178739349279183443e+03
4.817406971366861024e-02 1.291566293068412315e-02 5.115818786407496191e+03
4.907038356638668969e-02 1.307425614604887203e-02 5.053750800687302217e+03
4.998337399485074106e-02 1.323456511881816559e-02 4.992523106298556741e+03
5.091335127896759460e-02 1.339660470973330630e-02 4.932123590234457879e+03
5.186063147162878889e-02 1.356038988441282331e-02 4.872540310120150025e+03
5.282553650612163004e-02 1.372593571491963552e-02 4.813761492056015413e+03
5.380839430553788216e-02 1.389325738136654165e-02 4.755775528485249197e+03
5.480953889421861375e-02 1.406237017356050389e-02 4.698570976085219627e+03
5.582931051127258681e-02 1.423328949268622308e-02 4.642136553682146769e+03
5.686805572620622085e-02 1.440603085302888386e-02 4.586461140188835088e+03
5.792612755670546731e-02 1.458060988373679687e-02 4.531533772564955143e+03
5.900388558860904936e-02 1.475704233062402441e-02 4.477343643799578786e+03
6.010169609811345098e-02 1.493534405801323975e-02 4.423880100915639559e+03
6.121993217625204542e-02 1.511553105061934181e-02 4.371132642995931747e+03
6.235897385569037082e-02 1.529761941547378573e-02 4.319090919230429790e+03
6.351920823987980413e-02 1.548162538389018066e-02 4.267744726984553381e+03
6.470102963461520085e-02 1.566756531347126766e-02 4.217084009888152650e+03
6.590483968203941778e-02 1.585545569015757092e-02 4.167098855944936986e+03
6.713104749714149388e-02 1.604531313031787657e-02 4.117779495662117370e+03
6.838006980679475766e-02 1.623715438288188262e-02 4.069116300199999387e+03
6.965233109138099787e-02 1.643099633151511724e-02 4.021099779541333646e+03
7.094826372905047029e-02 1.662685599683632123e-02 3.973720580680205785e+03
7.226830814266579917e-02 1.682475053867752215e-02 3.926969485830253234e+03
7.361291294947935882e-02 1.702469725838673051e-02 3.880837410652074595e+03
7.498253511359607992e-02 1.722671360117363631e-02 3.835315402499579250e+03
7.637764010127302827e-02 1.743081715849818109e-02 3.790394638685167138e+03
7.779870203910758952e-02 1.763702567050208850e-02 3.746066424763561372e+03
7.924620387517009035e-02 1.784535702848348560e-02 3.702322192834129964e+03
8.072063754313323070e-02 1.805582927741441329e-02 3.659153499861572527e+03
8.222250412945596165e-02 1.826846061850133027e-02 3.616552026014818694e+03
8.375231404367815269e-02 1.848326941178850963e-02 3.574509573023995927e+03
8.531058719188269746e-02 1.870027417880411325e-02 3.533018062555364395e+03
8.689785315338600935e-02 1.891949360524891252e-02 3.492069534604065666e+03
8.851465136071583195e-02 1.914094654372738846e-02 3.451656145904581081e+03
9.016153128293694086e-02 1.936465201652103063e-02 3.411770168358767023e+03
9.183905261238851925e-02 1.959062921840343252e-02 3.372403987481382501e+03
9.354778545489596253e-02 1.981889751949722153e-02 3.333550100862923955e+03
9.528831052352072783e-02 2.004947646817197351e-02 3.295201116649753658e+03
9.706121933591654871e-02 2.028238579398322985e-02 3.257349752041308875e+03
9.886711441535606104e-02 2.051764541065183994e-02 3.219988831804353140e+03
1.007066094954987001e-01 2.075527541908329943e-02 3.183111286804128213e+03
