# M_PBH = 1000 M_solar.
# Columns: semi-major axis [pc], truncation radius [pc], decoupling redshift
1.000000000000000082e-05 3.331409919983283015e-05 6.384322908150793985e+06
1.020989717887985886e-05 3.383717283804667166e-05 6.285630515906453133e+06
1.042420004032989076e-05 3.436845933783538696e-05 6.188463775488408282e+06
1.064300105838434694e-05 3.490808764831235321e-05 6.092799102450827137e+06
1.086639464808136928e-05 3.545618874311276699e-05 5.998613276931098662e+06
1.109447720620411709e-05 3.601289565217522854e-05 5.905883438013895415e+06
1.132734715287703221e-05 3.657834349402229614e-05 5.814587078182321973e+06
1.156510497403520192e-05 3.715266950854736284e-05 5.724702037854893133e+06
1.180785326478514442e-05 3.773601309031632603e-05 5.636206500006914139e+06
1.205569677367571766e-05 3.832851582239176109e-05 5.549078984875028022e+06
1.230874244789827242e-05 3.893032151068790011e-05 5.463298344743628055e+06
1.256709947943553486e-05 3.954157621886468266e-05 5.378843758811859414e+06
1.283087935217914059e-05 4.016242830376949140e-05 5.295694728139971383e+06
1.310019589003616457e-05 4.079302845143510360e-05 5.213831070673771203e+06
1.337516530604537683e-05 4.143352971364216650e-05 5.133232916346053593e+06
1.365590625252444575e-05 4.208408754505611000e-05 5.053880702253653668e+06
1.394253987226971702e-05 4.274485984094585593e-05 4.975755167909184471e+06
1.423518985083065378e-05 4.341600697549542986e-05 4.898837350566045381e+06
1.453398246988150966e-05 4.409769184071580774e-05 4.823108580615808256e+06
1.483904666171325542e-05 4.479007988596790007e-05 4.748550477056688629e+06
1.515051406486927627e-05 4.549333915810566592e-05 4.675144943032075651e+06
1.546851908094884628e-05 4.620764034224869436e-05 4.602874161438063718e+06
1.579319893260288987e-05 4.693315680319499371e-05 4.531720590598847717e+06
1.612469372274706342e-05 4.767006462748316374e-05 4.461666960008999333e+06
1.646314649501770359e-05 4.841854266611493498e-05 4.392696266141527332e+06
1.680870329549667501e-05 4.917877257794737241e-05 4.324791768320797943e+06
1.716151323573204460e-05 4.995093887376692699e-05 4.257936984659158625e+06
1.752172855708096071e-05 5.073522896105336514e-05 4.192115688056514133e+06
1.788950469640395645e-05 5.153183318944791458e-05 4.127311902261581272e+06
1.826500035313727391e-05 5.234094489693299237e-05 4.063509897994177882e+06
1.864837755777358741e-05 5.316276045673750821e-05 4.000694189127359074e+06
1.903980174177990440e-05 5.399747932497762942e-05 3.938849528928612825e+06
1.943944180898304590e-05 5.484530408904482560e-05 3.877960906359157525e+06
1.984747020845352140e-05 5.570644051675316643e-05 3.818013542430441827e+06
2.026406300891916558e-05 5.658109760625740594e-05 3.758992886616975069e+06
2.068939997474074786e-05 5.746948763675440960e-05 3.700884613324592821e+06
2.112366464348226037e-05 5.837182621997951846e-05 3.643674618413341232e+06
2.156704440510937606e-05 5.928833235251080658e-05 3.587349015774103813e+06
2.201973058285028686e-05 6.021922846889389645e-05 3.531894133958141785e+06
2.248191851575376889e-05 6.116474049559997707e-05 3.477296512858738657e+06
2.295380764298012800e-05 6.212509790582971658e-05 3.423542900444165803e+06
2.343560158986137689e-05 6.310053377517761122e-05 3.370620249541106634e+06
2.392750825576780150e-05 6.409128483816849370e-05 3.318515714667845052e+06
2.442973990381882302e-05 6.509759154568112215e-05 3.267216648916393518e+06
2.494251325247685144e-05 6.611969812327229393e-05 3.216710600882819388e+06
2.546604956906369044e-05 6.715785263041583626e-05 3.166985311645012815e+06
2.600057476523980220e-05 6.821230702067001281e-05 3.118028711787203792e+06
2.654631949448767249e-05 6.928331720278910763e-05 3.069828918470443226e+06
2.710351925164130923e-05 7.037114310279302381e-05 3.022374232548388187e+06
2.767241447450485636e-05 7.147604872700998057e-05 2.975653135727673303e+06
2.825325064760413142e-05 7.259830222610800284e-05 2.929654287772177719e+06
2.884627840811589854e-05 7.373817596013044974e-05 2.884366523750497960e+06
2.945175365402055202e-05 7.489594656455101837e-05 2.839778851325989701e+06
3.006993765452489899e-05 7.607189501736448599e-05 2.795880448088692036e+06
3.070109716280270215e-05 7.726630670722946703e-05 2.752660658928492106e+06
3.134550453110157494e-05 7.847947150267919067e-05 2.710108993448911700e+06
3.200343782826598409e-05 7.971168382241760535e-05 2.668215123420854565e+06
3.267518095972698149e-05 8.096324270671711402e-05 2.626968880275735166e+06
3.336102379001054441e-05 8.223445188993605993e-05 2.586360252637338359e+06
3.406126226781725034e-05 8.352561987417226642e-05 2.546379383891855367e+06
3.477619855372743546e-05 8.483706000407178073e-05 2.507016569795463700e+06
3.550614115058675836e-05 8.616909054280962662e-05 2.468262256118904334e+06
3.625140503662858141e-05 8.752203474926149905e-05 2.430107036328469869e+06
3.701231180139052414e-05 8.889622095638533353e-05 2.392541649302830454e+06
3.778918978448388453e-05 9.029198265083096476e-05 2.355556977085162420e+06
3.858237421727576266e-05 9.170965855379707872e-05 2.319144042670033872e+06
3.939220736754508317e-05 9.314959270315616613e-05 2.283294007824478671e+06
4.021903868717489205e-05 9.461213453686521783e-05 2.247998170942781959e+06
4.106322496294468553e-05 9.609763897768432031e-05 2.213247964934404939e+06
4.192513047048779620e-05 9.760646651922213850e-05 2.179034955144572537e+06
4.280512713148033860e-05 9.913898331332968530e-05 2.145350837307000998e+06
4.370359467412948364e-05 1.006955612588633029e-04 2.112187435528274160e+06
4.462092079703034234e-05 1.022765780918381064e-04 2.079536700303378981e+06
4.555750133646217613e-05 1.038824174769938850e-04 2.047390706561916508e+06
4.651374043719596523e-05 1.055134691007948207e-04 2.015741651744523086e+06
4.749005072688780631e-05 1.071701287658873762e-04 1.984581853909001686e+06
4.848685349413122146e-05 1.088527984870341092e-04 1.953903749865793157e+06
4.950457887024924635e-05 1.105618865885558809e-04 1.923699893342163879e+06
5.054366601489922373e-05 1.122978078032927350e-04 1.893962953174904687e+06
5.160456330557664553e-05 1.140609833731219346e-04 1.864685711530834669e+06
5.268772853109330049e-05 1.158518411510430098e-04 1.835861062154936604e+06
5.379362908911973680e-05 1.176708157048676821e-04 1.807482008645462338e+06
5.492274218787131484e-05 1.195183484225275137e-04 1.779541662755799014e+06
5.607555505202931642e-05 1.213948876190345036e-04 1.752033242722515250e+06
5.725256513298362953e-05 1.233008886451136463e-04 1.724950071619293652e+06
5.845428032348850194e-05 1.252368139975368062e-04 1.698285575736294035e+06
5.968121917682377142e-05 1.272031334311839569e-04 1.672033282984567573e+06
6.093391113055635224e-05 1.292003240728570063e-04 1.646186821325151250e+06
6.221289673499834317e-05 1.312288705368765238e-04 1.620739917222423712e+06
6.351872788646035844e-05 1.332892650424859281e-04 1.595686394121392164e+06
6.485196806540090557e-05 1.353820075330936141e-04 1.571020170948504237e+06
6.621319257957434189e-05 1.375076057973804230e-04 1.546735260635640938e+06
6.760298881228248230e-05 1.396665755923018630e-04 1.522825768666925607e+06
6.902195647583697082e-05 1.418594407680148989e-04 1.499285891647995217e+06
7.047070787034162890e-05 1.440867333947579035e-04 1.476109915897395695e+06
7.194986814790676501e-05 1.463489938917164612e-04 1.453292216059740633e+06
7.346007558240911063e-05 1.486467711579035113e-04 1.430827253740319517e+06
7.500198184491400205e-05 1.509806227050864910e-04 1.408709576160808094e+06
7.657625228487859590e-05 1.533511147927929497e-04 1.386933814835761907e+06
7.818356621725742713e-05 1.557588225654274016e-04 1.365494684269564459e+06
7.982461721563432859e-05 1.582043301915311861e-04 1.344386980673523620e+06
8.150011341150695395e-05 1.606882310052189721e-04 1.323605580702802632e+06
8.321077779985334424e-05 1.632111276498271707e-04 1.303145440212866059e+06
8.495734855111214650e-05 1.657736322238059410e-04 1.283001593035159865e+06
8.674057932971129163e-05 1.683763664288916531e-04 1.263169149771713419e+06
8.856123961928239136e-05 1.710199617205947729e-04 1.243643296608373057e+06
9.042011505470144825e-05 1.737050594610379183e-04 1.224419294146388536e+06
9.231800776109885798e-05 1.764323110741827642e-04 1.205492476252051769e+06
9.425573669998522019e-05 1.792023782034800859e-04 1.186858248924128246e+06
9.623413802264219833e-05 1.820159328719830828e-04 1.168512089178788476e+06
9.825406543093094872e-05 1.848736576449595435e-04 1.150449543951785890e+06
1.003163905456739050e-04 1.877762457950451103e-04 1.132666229017591802e+06
1.024220032827686183e-04 1.907244014699719845e-04 1.115157827925256221e+06
1.045718122371962964e-04 1.937188398629185006e-04 1.097920090950702783e+06
1.067667450750904790e-04 1.967602873855151587e-04 1.080948834065231960e+06
1.090077489340351448e-04 1.998494818435516481e-04 1.064239937919962686e+06
1.112957908317649397e-04 2.029871726154248697e-04 1.047789346845975611e+06
1.136318580834439775e-04 2.061741208333711358e-04 1.031593067869911320e+06
1.160169587277031108e-04 2.094110995675243147e-04 1.015647169744789484e+06
1.184521219616197147e-04 2.126988940128453234e-04 9.999477819958071923e+05
1.209383985848274155e-04 2.160383016789660360e-04 9.844910939808875555e+05
1.234768614529477347e-04 2.194301325829927393e-04 9.692733539657536894e+05
1.260686059405388877e-04 2.228752094453152408e-04 9.542908682132980321e+05
1.287147504137624754e-04 2.263743678884675445e-04 9.395400000870296499e+05
1.314164367129698810e-04 2.299284566390865270e-04 9.250171691683839308e+05
1.341748306454194786e-04 2.335383377330181056e-04 9.107188503876724280e+05
1.369911224883351114e-04 2.372048867236176833e-04 8.966415731684698258e+05
1.398665275025237772e-04 2.409289928932941750e-04 8.827819205852283631e+05
1.428022864567739974e-04 2.447115594683486515e-04 8.691365285339119146e+05
1.457996661632610330e-04 2.485535038371566104e-04 8.557020849154535681e+05
1.488599600241903988e-04 2.524557577717465636e-04 8.424753288318346022e+05
1.519844885899150275e-04 2.564192676528272282e-04 8.294530497945881216e+05
1.551746001287671582e-04 2.604449946983131126e-04 8.166320869455465581e+05
1.584316712088510066e-04 2.645339151954089417e-04 8.040093282896227902e+05
1.617571072920469136e-04 2.686870207362978082e-04 7.915817099394653924e+05
1.651523433404834926e-04 2.729053184574984801e-04 7.793462153717788169e+05
1.686188444357400191e-04 2.771898312829404920e-04 7.672998746951451758e+05
1.721581064110443919e-04 2.815415981708163803e-04 7.554397639291665982e+05
1.757716564967420816e-04 2.859616743642707463e-04 7.437630042947450420e+05
1.794610539793126732e-04 2.904511316459808474e-04 7.322667615153407678e+05
1.832278908742190394e-04 2.950110585966931698e-04 7.209482451290232129e+05
1.870737926128795752e-04 2.996425608577694358e-04 7.098047078111678129e+05
1.910004187440595086e-04 3.043467613978126265e-04 6.988334447076102952e+05
1.950094636499844836e-04 3.091248007834237598e-04 6.880317927781230537e+05
1.991026572774851164e-04 3.139778374541634222e-04 6.773971301500287373e+05
2.032817658844878633e-04 3.189070480017739437e-04 6.669268754818139132e+05
2.075485928021748871e-04 3.239136274537318758e-04 6.566184873365756357e+05
2.119049792131410018e-04 3.289987895611926278e-04 6.464694635651577264e+05
2.163528049458843391e-04 3.341637670913990871e-04 6.364773406988179777e+05
2.208939892859729118e-04 3.394098121246154841e-04 6.266396933512894902e+05
2.255304918042372450e-04 3.447381963556609297e-04 6.169541336300811963e+05
2.302643132023469139e-04 3.501502114001086544e-04 6.074183105568805477e+05
2.350974961761350117e-04 3.556471691052232650e-04 5.980299094969154103e+05
2.400321262970439443e-04 3.612304018657065468e-04 5.887866515971384943e+05
2.450703329120723227e-04 3.669012629443255363e-04 5.796862932330945041e+05
2.502142900626114761e-04 3.726611267974955601e-04 5.707266254643399734e+05
2.554662174225683763e-04 3.785113894058935390e-04 5.619054734982802765e+05
2.608283812561789749e-04 3.844534686101760404e-04 5.532206961622969247e+05
2.663030953959261995e-04 3.904888044518816065e-04 5.446701853840323165e+05
2.718927222409841193e-04 3.966188595195929809e-04 5.362518656797097065e+05
2.775996737766188720e-04 4.028451193004370791e-04 5.279636936503648758e+05
2.834264126149870248e-04 4.091690925370068915e-04 5.198036574858623208e+05
2.893754530577794708e-04 4.155923115897821349e-04 5.117697764765809407e+05
2.954493621811704000e-04 4.221163328051343033e-04 5.038601005326467566e+05
3.016507609435385272e-04 4.287427368889957548e-04 4.960727097106003202e+05
3.079823253164396869e-04 4.354731292862829830e-04 4.884057137473766343e+05
3.144467874393176536e-04 4.423091405661524643e-04 4.808572516014950234e+05
3.210469367984524120e-04 4.492524268131837823e-04 4.734254910013356712e+05
3.277856214306539852e-04 4.563046700245717820e-04 4.661086280004033470e+05
3.346657491522215893e-04 4.634675785134203412e-04 4.589048865394643508e+05
3.416902888136981800e-04 4.707428873182271543e-04 4.518125180154525442e+05
3.488622715809621137e-04 4.781323586186506536e-04 4.448298008570402744e+05
3.561847922432084313e-04 4.856377821576548051e-04 4.379550401067684870e+05
3.636610105483838759e-04 4.932609756701210064e-04 4.311865670096384711e+05
3.712941525666543373e-04 5.010037853180273780e-04 4.245227386080622091e+05
3.790875120824872108e-04 5.088680861322872773e-04 4.179619373430755804e+05
3.870444520159570701e-04 5.168557824613504706e-04 4.115025706617143005e+05
3.951684058738821328e-04 5.249688084266606897e-04 4.051430706304609776e+05
4.034628792314200315e-04 5.332091283850738227e-04 3.988818935546666034e+05
4.119314512447620801e-04 5.415787373983349095e-04 3.927175196038567228e+05
4.205777761955782385e-04 5.500796617097226905e-04 3.866484524428272853e+05
4.294055850678799393e-04 5.587139592279584182e-04 3.806732188684461871e+05
4.384186871579802999e-04 5.674837200184897372e-04 3.747903684520679526e+05
4.476209717182474523e-04 5.763910668022575101e-04 3.689984731874754070e+05
4.570164096353595716e-04 5.854381554620491325e-04 3.632961271442648722e+05
4.666090551437860126e-04 5.946271755565514169e-04 3.576819461265893187e+05
4.764030475752332214e-04 6.039603508422130944e-04 3.521545673371768789e+05
4.864026131448140919e-04 6.134399398030316404e-04 3.467126490465416573e+05
4.966120667747029628e-04 6.230682361883703533e-04 3.413548702673115185e+05
5.070358139560735217e-04 6.328475695589326445e-04 3.360799304335865309e+05
5.176783526501168306e-04 6.427803058410008763e-04 3.308865490852558869e+05
5.285442752289601061e-04 6.528688478890595521e-04 3.257734655571948970e+05
5.396382704573259676e-04 6.631156360569228801e-04 3.207394386732670828e+05
5.509651255157858559e-04 6.735231487774911768e-04 3.157832464450538973e+05
5.625297280664809992e-04 6.840939031512495178e-04 3.109036857752447831e+05
5.743370683622018181e-04 6.948304555436387404e-04 3.060995721656110254e+05
5.863922413997373637e-04 7.057354021914231555e-04 3.013697394294932019e+05
5.987004491184215677e-04 7.168113798181774843e-04 2.967130394087343593e+05
6.112670026448276898e-04 7.280610662590234492e-04 2.921283416949885432e+05
6.240973245845774214e-04 7.394871810947455798e-04 2.876145333553370438e+05
6.371969513622545217e-04 7.510924862954137388e-04 2.831705186621467583e+05
6.505715356104329206e-04 7.628797868736456132e-04 2.787952188271047780e+05
6.642268486088496061e-04 7.748519315476468669e-04 2.744875717393626110e+05
6.781687827747753805e-04 7.870118134141527695e-04 2.702465317077307845e+05
6.924033542056567394e-04 7.993623706314183187e-04 2.660710692068569479e+05
7.069367052751285773e-04 8.119065871123875037e-04 2.619601706273283344e+05
7.217751072835158592e-04 8.246474932281830893e-04 2.579128380296372052e+05
7.369249631639675484e-04 8.375881665220569986e-04 2.539280889019491151e+05
7.523928102453937301e-04 8.507317324339411582e-04 2.500049559216160560e+05
7.681853230733934551e-04 8.640813650357411597e-04 2.461424867203767353e+05
7.843093162903953114e-04 8.776402877775210578e-04 2.423397436531852582e+05
8.007717475762497457e-04 8.914117742447213348e-04 2.385958035706136434e+05
8.175797206505447997e-04 9.053991489265515204e-04 2.349097575947741570e+05
8.347404883379380604e-04 9.196057879957204211e-04 2.312807108987027605e+05
8.522614556978309148e-04 9.340351200996340657e-04 2.277077824891556520e+05
8.701501832197326616e-04 9.486906271632321265e-04 2.241901049927604909e+05
8.884143900856941289e-04 9.635758452035901025e-04 2.207268244454767846e+05
9.070619575012199348e-04 9.786943651564701703e-04 2.173171000853071746e+05
9.261009320960947658e-04 9.940498337149439746e-04 2.139601041482160508e+05
9.455395293965925506e-04 1.009645954180268205e-03 2.106550216672005772e+05
9.653861373705660293e-04 1.025486487325150868e-03 2.074010502744693949e+05
9.856493200469467440e-04 1.041575252269577069e-03 2.041974000066783046e+05
1.006337821211216160e-03 1.057916127369349767e-03 2.010432931131763326e+05
1.027460568178450041e-03 1.074513051117499370e-03 1.979379638672171568e+05
1.049026675645545366e-03 1.091370023058734319e-03 1.948806583800870285e+05
1.071045449624317232e-03 1.108491104717076884e-03 1.918706344181082968e+05
1.093526391457142572e-03 1.125880420536872146e-03 1.889071612224683922e+05
1.116479201916895179e-03 1.143542158837300947e-03 1.859895193318372767e+05
1.139913785392934493e-03 1.161480572780593246e-03 1.831170004077237973e+05
1.163840254164958364e-03 1.179699981354076109e-03 1.802889070625344175e+05
1.188268932766562693e-03 1.198204770366253884e-03 1.775045526902867132e+05
1.213210362440391007e-03 1.216999393457054339e-03 1.747632612999423291e+05
1.238675305686796034e-03 1.236088373122429642e-03 1.720643673513148096e+05
1.264674750907976561e-03 1.255476301753473498e-03 1.694072155935139162e+05
1.291219917149593818e-03 1.275167842690219698e-03 1.667911609058870235e+05
1.318322258941912427e-03 1.295167731290285552e-03 1.642155681414203427e+05
1.345993471242555367e-03 1.315480776012544753e-03 1.616798119725587894e+05
1.374245494483007559e-03 1.336111859515978859e-03 1.591832767394105031e+05
1.403090519721041660e-03 1.357065939773888664e-03 1.567253563002970768e+05
1.432540993901293891e-03 1.378348051203626568e-03 1.543054538846139912e+05
1.462609625226256966e-03 1.399963305812027990e-03 1.519229819479650178e+05
1.493309388640008803e-03 1.421916894356695105e-03 1.495773620295365108e+05
1.524653531427043376e-03 1.444214087523324613e-03 1.472680246116748021e+05
1.556655578928618474e-03 1.466860237119212672e-03 1.449944089816361084e+05
1.589329340379087982e-03 1.489860777283145803e-03 1.427559630954711174e+05
1.622688914864743809e-03 1.513221225711813096e-03 1.405521434440145385e+05
1.656748697407716851e-03 1.536947184902908835e-03 1.383824149209465249e+05
1.691523385177592844e-03 1.561044343415117020e-03 1.362462506928916846e+05
1.727027983833401585e-03 1.585518477145104414e-03 1.341431320715274487e+05
1.763277813998721886e-03 1.610375450621720104e-03 1.320725483876677172e+05
1.800288517872699516e-03 1.635621218317532969e-03 1.300339968672939722e+05
1.838076065979827841e-03 1.661261825977895052e-03 1.280269825095011911e+05
1.876656764061403323e-03 1.687303411967670721e-03 1.260510179663307208e+05
1.916047260111632686e-03 1.713752208635792047e-03 1.241056234244606458e+05
1.956264551561424231e-03 1.740614543697811519e-03 1.221903264887236146e+05
1.997325992612966096e-03 1.767896841636575024e-03 1.203046620674262376e+05
2.039249301728253416e-03 1.795605625121205699e-03 1.184481722594393505e+05
2.082052569274801812e-03 1.823747516444507296e-03 1.166204062430344056e+05
2.125754265331836028e-03 1.852329238978962051e-03 1.148209201664373104e+05
2.170373247660334261e-03 1.881357618651452934e-03 1.130492770400736335e+05
2.215928769840356215e-03 1.910839585436858177e-03 1.113050466304789297e+05
2.262440489579177223e-03 1.940782174870642326e-03 1.095878053558489191e+05
2.309928477193800688e-03 1.971192529580591268e-03 1.078971361832034600e+05
2.358413224271523837e-03 2.002077900837820681e-03 1.062326285271393426e+05
2.407915652512278206e-03 2.033445650127163520e-03 1.045938781501483900e+05
2.458457122756576435e-03 2.065303250737083110e-03 1.029804870644754119e+05
2.510059444202946809e-03 2.097658289369224837e-03 1.013920634354922513e+05
2.562744883818841076e-03 2.130518467767687947e-03 9.982822148656609352e+04
2.616536175949077826e-03 2.163891604368179886e-03 9.828858140539635497e+04
2.671456532125955716e-03 2.197785635967100439e-03 9.677276925179966202e+04
2.727529651085297026e-03 2.232208619410691423e-03 9.528041686691905488e+04
2.784779728992694148e-03 2.267168733304308296e-03 9.381116178383673832e+04
2.843231469884432462e-03 2.302674279741933824e-03 9.236464713956696505e+04
2.902910096327550402e-03 2.338733686055981514e-03 9.094052158840923221e+04
2.963841360303651543e-03 2.375355506587476396e-03 8.953843921663978836e+04
3.026051554321169783e-03 2.412548424476660455e-03 8.815805945852136938e+04
3.089567522760872445e-03 2.450321253474101180e-03 8.679904701361007756e+04
3.154416673459506642e-03 2.488682939772329274e-03 8.546107176533993334e+04
3.220626989536580585e-03 2.527642563858048877e-03 8.414380870086519280e+04
3.288227041469386856e-03 2.567209342384959778e-03 8.284693783214069845e+04
3.357245999421475720e-03 2.607392630067205917e-03 8.157014411822122929e+04
3.427713645829901911e-03 2.648201921593460600e-03 8.031311738876112213e+04
3.499660388256671528e-03 2.689646853561644940e-03 7.907555226869555190e+04
3.573117272509938012e-03 2.731737206434285605e-03 7.785714810408497578e+04
3.648115996040611486e-03 2.774482906514478923e-03 7.665760888910472568e+04
3.724688921620152894e-03 2.817894027942424023e-03 7.547664319416260696e+04
3.802869091305466180e-03 2.861980794712501181e-03 7.431396409512609534e+04
3.882690240696909292e-03 2.906753582710819468e-03 7.316928910364273179e+04
3.964186813495573607e-03 2.952222921773187299e-03 7.204234009853619500e+04
4.047393976366119722e-03 2.998399497763379676e-03 7.093284325826229178e+04
4.132347634111578107e-03 3.045294154671672211e-03 6.984052899440706824e+04
4.219084445166666232e-03 3.092917896733470614e-03 6.876513188621222798e+04
4.307641837416303909e-03 3.141281890567939813e-03 6.770639061611125362e+04
4.398058024346157731e-03 3.190397467336498257e-03 6.666404790626054455e+04
4.490372021532176502e-03 3.240276124920986583e-03 6.563785045605065534e+04
4.584623663476236968e-03 3.290929530121384453e-03 6.462754888058178767e+04
4.680853620795187402e-03 3.342369520872843103e-03 6.363289765008913673e+04
4.779103417770636485e-03 3.394608108481842780e-03 6.265365503030321270e+04
4.879415450267151483e-03 3.447657479881259101e-03 6.168958302373041079e+04
4.981833004026538399e-03 3.501529999904077692e-03 6.074044731183980184e+04
5.086400273346112708e-03 3.556238213575486484e-03 5.980601719814229727e+04
5.193162380149021935e-03 3.611794848423078522e-03 5.888606555214791297e+04
5.302165393454852209e-03 3.668212816804859548e-03 5.798036875418764976e+04
5.413456349258911372e-03 3.725505218254712095e-03 5.708870664108690835e+04
5.527083270828781619e-03 3.783685341844987820e-03 5.621086245267682534e+04
5.643095189426884650e-03 3.842766668565850748e-03 5.534662277913082653e+04
5.761542165468005322e-03 3.902762873720968563e-03 5.449577750911347539e+04
5.882475310120914049e-03 3.963687829339167246e-03 5.365811977872880379e+04
6.005946807363394743e-03 4.025555606601548611e-03 5.283344592125638155e+04
6.132009936500201937e-03 4.088380478283653099e-03 5.202155541766228271e+04
6.260719095153667590e-03 4.152176921212175596e-03 5.122225084787292144e+04
6.392129822736869818e-03 4.216959618735669629e-03 5.043533784280062537e+04
6.526298824419497768e-03 4.282743463208753786e-03 4.966062503710834426e+04
6.663283995596757693e-03 4.349543558489196715e-03 4.889792402270287857e+04
6.803144446871864717e-03 4.417375222447327346e-03 4.814704930294463702e+04
6.945940529562923300e-03 4.486253989487093766e-03 4.740781824756343121e+04
7.091733861745177191e-03 4.556195613078174028e-03 4.668005104826865863e+04
7.240587354839885491e-03 4.627216068298380808e-03 4.596357067504395673e+04
7.392565240761292227e-03 4.699331554385721525e-03 4.525820283311478852e+04
7.547733099633403137e-03 4.772558497299291685e-03 4.456377592057937727e+04
7.706157888088521930e-03 4.846913552288291058e-03 4.388012098669207626e+04
7.867907968159769741e-03 4.922413606468329164e-03 4.320707169078923471e+04
8.033053136780078651e-03 4.999075781404151847e-03 4.254446426184794836e+04
8.201664655900293283e-03 5.076917435697987473e-03 4.189213745866719546e+04
8.373815283239506232e-03 5.155956167582548266e-03 4.124993253066232137e+04
8.549579303680807790e-03 5.236209817517766506e-03 4.061769317926320946e+04
8.729032561326031947e-03 5.317696470790357448e-03 3.999526551990633016e+04
8.912252492223307968e-03 5.400434460115103100e-03 3.938249804461228632e+04
9.099318157781574601e-03 5.484442368236949576e-03 3.877924158513885050e+04
9.290310278886437789e-03 5.569739030532739298e-03 3.818534927670149773e+04
9.485311270732118757e-03 5.656343537611566684e-03 3.760067652225187339e+04
9.684405278384520394e-03 5.744275237912613297e-03 3.702508095730588684e+04
9.887678213090732998e-03 5.833553740299256794e-03 3.645842241531304171e+04
1.009521778935069253e-02 5.924198916648303580e-03 3.590056289355846093e+04
1.030711356276694038e-02 6.016230904433163794e-03 3.535136651958905713e+04
1.052345696868885183e-02 6.109670109299597356e-03 3.481069951815649983e+04
1.074434136166798996e-02 6.204537207632875723e-03 3.427843017866817536e+04
1.096986205574162002e-02 6.300853149114955115e-03 3.375442882313882001e+04
1.120011636556175749e-02 6.398639159270377505e-03 3.323856777463480103e+04
1.143520364838751351e-02 6.497916741999482104e-03 3.273072132620361299e+04
1.167522534695883407e-02 6.598707682097565592e-03 3.223076571028097533e+04
1.192028503327016362e-02 6.701034047758579887e-03 3.173857906856803675e+04
1.217048845326288396e-02 6.804918193061852173e-03 3.125404142237184351e+04
1.242594357245586228e-02 6.910382760440413399e-03 3.077703464340156279e+04
1.268676062253374336e-02 7.017450683129455510e-03 3.030744242501338522e+04
1.295305214891313492e-02 7.126145187593329287e-03 2.984515025389762013e+04
1.322493305930717844e-02 7.236489795929632561e-03 2.939004538220067843e+04
1.350252067330953536e-02 7.348508328248806731e-03 2.894201680007550385e+04
1.378593477301899919e-02 7.462224905027608352e-03 2.850095520865409708e+04
1.407529765472684269e-02 7.577663949435027232e-03 2.806675299343506413e+04
1.437073418168898983e-02 7.694850189628949302e-03 2.763930419808028819e+04
1.467237183800587826e-02 7.813808661021963073e-03 2.721850449861446032e+04
1.498034078363325028e-02 7.934564708514793563e-03 2.680425117802099339e+04
1.529477391054760368e-02 8.057143988695699213e-03 2.639644310122849856e+04
1.561580690009052412e-02 8.181572472004254928e-03 2.599498069048178877e+04
1.594357828151668835e-02 8.307876444857881931e-03 2.559976590109162498e+04
1.627822949177074388e-02 8.436082511739587467e-03 2.521070219755733706e+04
1.661990493651890194e-02 8.566217597245354837e-03 2.482769453005655669e+04
1.696875205246158036e-02 8.698308948089506290e-03 2.445064931129684555e+04
1.732492137095393084e-02 8.832384135066590272e-03 2.407947439372341614e+04
1.768856658296179274e-02 8.968471054968311582e-03 2.371407904707748821e+04
1.805984460538101466e-02 9.106597932453833893e-03 2.335437393630046427e+04
1.843891564874882566e-02 9.246793321872186569e-03 2.300027109977811051e+04
1.882594328637643422e-02 9.389086109035204089e-03 2.265168392792013401e+04
1.922109452493269907e-02 9.533505512939712684e-03 2.230852714206973178e+04
1.962453987650934761e-02 9.680081087437513929e-03 2.197071677373853163e+04
2.003645343219880720e-02 9.828842722852006511e-03 2.163817014416168240e+04
2.045701293721642611e-02 9.979820647540082676e-03 2.131080584416867714e+04
2.088639986759947831e-02 1.013304542939818566e-02 2.098854371436502697e+04
2.132479950851605757e-02 1.028854797731145604e-02 2.067130482562014004e+04
2.177240103421767062e-02 1.044635954254483599e-02 2.035901145985705443e+04
2.222939758966999135e-02 1.060651172007526580e-02 2.005158709113939403e+04
2.269598637389701884e-02 1.076903644986405319e-02 1.974895636705128709e+04
2.317236872507469000e-02 1.093396601806865230e-02 1.945104509036590389e+04
2.365875020741039364e-02 1.110133305819310280e-02 1.915778020099848436e+04
2.415534069984626511e-02 1.127117055217666773e-02 1.886908975823953369e+04
2.466235448662422447e-02 1.144351183142008899e-02 1.858490292326427516e+04
2.518001034975196964e-02 1.161839057774908049e-02 1.830514994191438382e+04
2.570853166340983029e-02 1.179584082431492549e-02 1.802976212774788655e+04
2.624814649033915467e-02 1.197589695643196291e-02 1.775867184535354681e+04
2.679908768025390450e-02 1.215859371235196787e-02 1.749181249392594691e+04
2.736159297031783011e-02 1.234396618397569194e-02 1.722911849109734976e+04
2.793590508773070163e-02 1.253204981750166876e-02 1.697052525702299317e+04
2.852227185446772062e-02 1.272288041401290100e-02 1.671596919871593855e+04
2.912094629421743686e-02 1.291649413000192821e-02 1.646538769462810887e+04
2.973218674156425170e-02 1.311292747783505790e-02 1.621871907947398358e+04
3.035625695346259867e-02 1.331221732615661332e-02 1.597590262929364144e+04
3.099342622305099187e-02 1.351440090023441065e-02 1.573687854675162453e+04
3.164396949585493446e-02 1.371951578224756690e-02 1.550158794666854192e+04
3.230816748842896269e-02 1.392759991151822779e-02 1.526997284178197879e+04
3.298630680948888561e-02 1.413869158468866218e-02 1.504197612873372600e+04
3.367868008358660542e-02 1.435282945584563825e-02 1.481754157428005419e+04
3.438558607738081974e-02 1.457005253659404871e-02 1.459661380172200188e+04
3.510732982855810369e-02 1.479040019608189420e-02 1.437913827755268358e+04
3.584422277746000807e-02 1.501391216097899307e-02 1.416506129831863109e+04
3.659658290147300985e-02 1.524062851541207152e-02 1.395432997769215399e+04
3.736473485223922031e-02 1.547058970085882570e-02 1.374689223375195070e+04
3.814901009574708096e-02 1.570383651600393282e-02 1.354269677646908349e+04
3.894974705536273507e-02 1.594041011656025311e-02 1.334169309539543065e+04
3.976729125786321317e-02 1.618035201505831425e-02 1.314383144755200374e+04
4.060199548253513174e-02 1.642370408060779552e-02 1.294906284551425961e+04
4.145421991340281914e-02 1.667050853863455070e-02 1.275733904569181323e+04
4.232433229465167035e-02 1.692080797059712649e-02 1.256861253679981928e+04
4.321270808931378105e-02 1.717464531368673858e-02 1.238283652851949410e+04
4.411973064128436872e-02 1.743206386051504228e-02 1.219996494034504576e+04
4.504579134073885549e-02 1.769310725879397542e-02 1.201995239061459870e+04
4.599128979302204157e-02 1.795781951101226709e-02 1.184275418572245690e+04
4.695663399108217922e-02 1.822624497411335504e-02 1.166832630951025203e+04
4.794224049152440853e-02 1.849842835917951678e-02 1.149662541283445353e+04
4.894853459435948018e-02 1.877441473112730422e-02 1.132760880330777582e+04
4.997595052652540476e-02 1.905424950841914933e-02 1.116123443521212721e+04
5.102493162926111797e-02 1.933797846279686206e-02 1.099746089958044104e+04
5.209593054941307616e-02 1.962564771904190888e-02 1.083624741444523534e+04
5.318940943475736205e-02 1.991730375476818624e-02 1.067755381525135454e+04
5.430584013342149713e-02 2.021299340025286065e-02 1.052134054543050843e+04
5.544570439749207935e-02 2.051276383831079908e-02 1.036756864713529285e+04
5.660949409089609946e-02 2.081666260421834863e-02 1.021619975213030739e+04
5.779771140164561422e-02 2.112473758569229781e-02 1.006719607283797450e+04
5.901086905853738379e-02 2.143703702292965030e-02 9.920520393536800839e+03
6.024949055240096107e-02 2.175360950871427224e-02 9.776136061709636124e+03
6.151411036199072591e-02 2.207450398859611002e-02 9.634006979539677559e+03
6.280527418461934186e-02 2.239976976114875507e-02 9.494097595551911581e+03
6.412353917163210459e-02 2.272945647831158683e-02 9.356372896397524528e+03
6.546947416882381576e-02 2.306361414582175015e-02 9.220798398779184936e+03
6.684365996190221038e-02 2.340229312374238896e-02 9.087340141514638162e+03
6.824668952710299941e-02 2.374554412709226764e-02 8.955964677736546946e+03
6.967916828706585686e-02 2.409341822658297647e-02 8.826639067226045881e+03
7.114171437208086091e-02 2.444596684946901202e-02 8.699330868877854300e+03
7.263495888681850698e-02 2.480324178051654740e-02 8.574008133294524669e+03
7.415954618265828413e-02 2.516529516309589168e-02 8.450639395507674635e+03
7.571613413573334561e-02 2.553217950040357134e-02 8.329193667823701617e+03
7.730539443081128892e-02 2.590394765681880082e-02 8.209640432791842613e+03
7.892801285113350274e-02 2.628065285939963636e-02 8.091949636292203650e+03
8.058468957433811974e-02 2.666234869952366013e-02 7.976091680741530581e+03
8.227613947459440358e-02 2.704908913467847509e-02 7.862037418414279273e+03
8.400309243107871582e-02 2.744092849040598997e-02 7.749758144876942424e+03
8.576629364292547020e-02 2.783792146240571252e-02 7.639225592533149211e+03
8.756650395078863225e-02 2.824012311880125942e-02 7.530411924277338585e+03
8.940450016515288922e-02 2.864758890257406918e-02 7.423289727254824356e+03
9.128107540153583555e-02 2.906037463416899502e-02 7.317832006725846441e+03
9.319703942272604402e-02 2.947853651427506314e-02 7.214012180031570097e+03
9.515321898820457147e-02 2.990213112678592397e-02 7.111804070659596618e+03
9.715045821090073641e-02 3.033121544194306018e-02 7.011181902406970039e+03
9.918961892143610126e-02 3.076584681966552937e-02 6.912120293638392468e+03
1.012715810400137695e-01 3.120608301306970409e-02 6.814594251637482557e+03
1.033972429561139661e-01 3.165198217218215954e-02 6.718579167048947966e+03
1.055675219161583411e-01 3.210360284784857104e-02 6.624050808409601814e+03
1.077833544193122772e-01 3.256100399584207356e-02 6.530985316766014876e+03
1.100456966215944410e-01 3.302424498117358109e-02 6.439359200376839908e+03
1.123555247484685909e-01 3.349338558260705340e-02 6.349149329497695362e+03
1.147138355160955692e-01 3.396848599738220426e-02 6.260332931246652151e+03
1.171216465614272340e-01 3.444960684614725710e-02 6.172887584548338054e+03
1.195799968813279907e-01 3.493680917810437075e-02 6.086791215154702513e+03
1.220899472809132968e-01 3.543015447636997661e-02 6.002022090740572821e+03
1.246525808312987371e-01 3.592970466355250442e-02 5.918558816072124500e+03
1.272690033369570650e-01 3.643552210754984894e-02 5.836380328246445970e+03
1.299403438128849397e-01 3.694766962756852735e-02 5.755465892000470376e+03
1.326677549717852900e-01 3.746621050036738620e-02 5.675795095087462869e+03
1.354524137214755120e-01 3.799120846672712076e-02 5.597347843719504453e+03
1.382955216727360381e-01 3.852272773814910400e-02 5.520104358074176162e+03
1.411983056578186013e-01 3.906083300378429546e-02 5.444045167864042014e+03
1.441620182598378208e-01 3.960558943759558137e-02 5.369151107967250937e+03
1.471879383532744834e-01 4.015706270575489928e-02 5.295403314117884293e+03
1.502773716558239714e-01 4.071531897427810298e-02 5.222783218654521079e+03
1.534316512918277309e-01 4.128042491689907362e-02 5.151272546325736585e+03
1.566521383675310297e-01 4.185244772318578305e-02 5.080853310151157530e+03
1.599402225584152515e-01 4.243145510690043976e-02 5.011507807336813130e+03
1.632973227088580781e-01 4.301751531460591693e-02 4.943218615243570639e+03
1.667248874443803819e-01 4.361069713452061375e-02 4.875968587407514860e+03
1.702243957967441434e-01 4.421106990562474748e-02 4.809740849611078374e+03
1.737973578421706522e-01 4.481870352701900623e-02 4.744518796004011165e+03
1.774453153529551575e-01 4.543366846753953830e-02 4.680286085273010031e+03
1.811698424627583848e-01 4.605603577563009005e-02 4.617026636859198334e+03
1.849725463458625485e-01 4.668587708947461584e-02 4.554724627222452000e+03
1.888550679106845986e-01 4.732326464739185917e-02 4.493364486151778692e+03
1.928190825078462955e-01 4.796827129849487448e-02 4.432930893120877954e+03
1.968663006531062576e-01 4.862097051361662092e-02 4.373408773688202928e+03
2.009984687654663704e-01 4.928143639650504199e-02 4.314783295940688731e+03
2.052173699207706647e-01 4.994974369528834557e-02 4.257039866980586339e+03
2.095248246211220966e-01 5.062596781421347530e-02 4.200164129454663453e+03
2.139226915804491869e-01 5.131018482565859878e-02 4.144141958125269412e+03
2.184128685265614156e-01 5.200247148242253398e-02 4.088959456482584301e+03
2.229972930200397052e-01 5.270290523029131508e-02 4.034602953397647525e+03
2.276779432903148770e-01 5.341156422088442352e-02 3.981058999815567404e+03
2.324568390892954306e-01 5.412852732478100337e-02 3.928314365488521162e+03
2.373360425629126857e-01 5.485387414492787217e-02 3.876356035748049635e+03
2.423176591409592628e-01 5.558768503032961161e-02 3.825171208316260618e+03
2.474038384456046236e-01 5.633004109002142518e-02 3.774747290155563860e+03
2.525967752189827165e-01 5.708102420732549115e-02 3.725071894356525263e+03
2.578987102702441359e-01 5.784071705438999927e-02 3.676132837063563784e+03
2.633119314424919866e-01 5.860920310701201591e-02 3.627918134438069501e+03
2.688387746000105993e-01 5.938656665974235277e-02 3.580415999658713190e+03
2.744816246362166146e-01 6.017289284127283477e-02 3.533614839958573157e+03
2.802429165027668923e-01 6.096826763010418371e-02 3.487503253698837398e+03
2.861251362602663662e-01 6.177277787049339358e-02 3.442070027478775046e+03
2.921308221510308667e-01 6.258651128867917524e-02 3.397304133281695613e+03
2.982625656943663772e-01 6.340955650938273624e-02 3.353194725656666833e+03
3.045230128048380114e-01 6.424200307258273734e-02 3.309731138935659146e+03
3.109148649340111037e-01 6.508394145056080327e-02 3.266902884485913546e+03
3.174408802361572413e-01 6.593546306521474998e-02 3.224699647997266311e+03
3.241038747584283342e-01 6.679666030563696788e-02 3.183111286804128213e+03
