# M_PBH = 1.0 M_solar.
# Columns: semi-major axis [pc], truncation radius [pc], decoupling redshift
9.999999999999999547e-07 3.331409919983283353e-06 6.384322908150793985e+06
1.020989717887985844e-06 3.383717283804666065e-06 6.285630515906455927e+06
1.042420004032989076e-06 3.436845933783539289e-06 6.188463775488408282e+06
1.064300105838434694e-06 3.490808764831234643e-06 6.092799102450828999e+06
1.086639464808136886e-06 3.545618874311275767e-06 5.998613276931101456e+06
1.109447720620411836e-06 3.601289565217523447e-06 5.905883438013895415e+06
1.132734715287703221e-06 3.657834349402227920e-06 5.814587078182325698e+06
1.156510497403520276e-06 3.715266950854737131e-06 5.724702037854893133e+06
1.180785326478514442e-06 3.773601309031634721e-06 5.636206500006911345e+06
1.205569677367571808e-06 3.832851582239178481e-06 5.549078984875025228e+06
1.230874244789827200e-06 3.893032151068790180e-06 5.463298344743628055e+06
1.256709947943553570e-06 3.954157621886467927e-06 5.378843758811860345e+06
1.283087935217914059e-06 4.016242830376949479e-06 5.295694728139971383e+06
1.310019589003616584e-06 4.079302845143508666e-06 5.213831070673773997e+06
1.337516530604537725e-06 4.143352971364218852e-06 5.133232916346051730e+06
1.365590625252444702e-06 4.208408754505609645e-06 5.053880702253656462e+06
1.394253987226971787e-06 4.274485984094588473e-06 4.975755167909182608e+06
1.423518985083065505e-06 4.341600697549543495e-06 4.898837350566045381e+06
1.453398246988151093e-06 4.409769184071578233e-06 4.823108580615811050e+06
1.483904666171325627e-06 4.479007988596790176e-06 4.748550477056689560e+06
1.515051406486927711e-06 4.549333915810567439e-06 4.675144943032075651e+06
1.546851908094884628e-06 4.620764034224872485e-06 4.602874161438061856e+06
1.579319893260288902e-06 4.693315680319500557e-06 4.531720590598847717e+06
1.612469372274706427e-06 4.767006462748319084e-06 4.461666960008997470e+06
1.646314649501770148e-06 4.841854266611493498e-06 4.392696266141527332e+06
1.680870329549667332e-06 4.917877257794737918e-06 4.324791768320797943e+06
1.716151323573204248e-06 4.995093887376692699e-06 4.257936984659158625e+06
1.752172855708095859e-06 5.073522896105336006e-06 4.192115688056515064e+06
1.788950469640395603e-06 5.153183318944788070e-06 4.127311902261584532e+06
1.826500035313727476e-06 5.234094489693295849e-06 4.063509897994180676e+06
1.864837755777358952e-06 5.316276045673751668e-06 4.000694189127359074e+06
1.903980174177990397e-06 5.399747932497763111e-06 3.938849528928612825e+06
1.943944180898304590e-06 5.484530408904482899e-06 3.877960906359157525e+06
1.984747020845352140e-06 5.570644051675316813e-06 3.818013542430441827e+06
2.026406300891916558e-06 5.658109760625741272e-06 3.758992886616975069e+06
2.068939997474074955e-06 5.746948763675445195e-06 3.700884613324590959e+06
2.112366464348226037e-06 5.837182621997950660e-06 3.643674618413342629e+06
2.156704440510937522e-06 5.928833235251080319e-06 3.587349015774104744e+06
2.201973058285028855e-06 6.021922846889393880e-06 3.531894133958139922e+06
2.248191851575376889e-06 6.116474049559998046e-06 3.477296512858738657e+06
2.295380764298013054e-06 6.212509790582974199e-06 3.423542900444164872e+06
2.343560158986137774e-06 6.310053377517762138e-06 3.370620249541106634e+06
2.392750825576780319e-06 6.409128483816850047e-06 3.318515714667845052e+06
2.442973990381882302e-06 6.509759154568114925e-06 3.267216648916392587e+06
2.494251325247685060e-06 6.611969812327229731e-06 3.216710600882819388e+06
2.546604956906368960e-06 6.715785263041580577e-06 3.166985311645014677e+06
2.600057476523980305e-06 6.821230702067001789e-06 3.118028711787203792e+06
2.654631949448767503e-06 6.928331720278911102e-06 3.069828918470443692e+06
2.710351925164131177e-06 7.037114310279302720e-06 3.022374232548388187e+06
2.767241447450485636e-06 7.147604872700998396e-06 2.975653135727673769e+06
2.825325064760413396e-06 7.259830222610800623e-06 2.929654287772177719e+06
2.884627840811589770e-06 7.373817596013045482e-06 2.884366523750497960e+06
2.945175365402054863e-06 7.489594656455102684e-06 2.839778851325989701e+06
3.006993765452489984e-06 7.607189501736449107e-06 2.795880448088692036e+06
3.070109716280270215e-06 7.726630670722948058e-06 2.752660658928492106e+06
3.134550453110157663e-06 7.847947150267929232e-06 2.710108993448908906e+06
3.200343782826598579e-06 7.971168382241762567e-06 2.668215123420854565e+06
3.267518095972698488e-06 8.096324270671712418e-06 2.626968880275735166e+06
3.336102379001054102e-06 8.223445188993602604e-06 2.586360252637339756e+06
3.406126226781724949e-06 8.352561987417226981e-06 2.546379383891855367e+06
3.477619855372743292e-06 8.483706000407178411e-06 2.507016569795463700e+06
3.550614115058675666e-06 8.616909054280963000e-06 2.468262256118904334e+06
3.625140503662858225e-06 8.752203474926151261e-06 2.430107036328469869e+06
3.701231180139052583e-06 8.889622095638534708e-06 2.392541649302830454e+06
3.778918978448388707e-06 9.029198265083097154e-06 2.355556977085162420e+06
3.858237421727576605e-06 9.170965855379713293e-06 2.319144042670032941e+06
3.939220736754508317e-06 9.314959270315617630e-06 2.283294007824478671e+06
4.021903868717489883e-06 9.461213453686522461e-06 2.247998170942781959e+06
4.106322496294468722e-06 9.609763897768433048e-06 2.213247964934404939e+06
4.192513047048779450e-06 9.760646651922209784e-06 2.179034955144573934e+06
4.280512713148034030e-06 9.913898331332969546e-06 2.145350837307000998e+06
4.370359467412948195e-06 1.006955612588632690e-05 2.112187435528275091e+06
4.462092079703034573e-06 1.022765780918380454e-05 2.079536700303380378e+06
4.555750133646217444e-06 1.038824174769938986e-05 2.047390706561916508e+06
4.651374043719596015e-06 1.055134691007948410e-05 2.015741651744523086e+06
4.749005072688780461e-06 1.071701287658872915e-05 1.984581853909003315e+06
4.848685349413122485e-06 1.088527984870341126e-05 1.953903749865793157e+06
4.950457887024924465e-06 1.105618865885558910e-05 1.923699893342163879e+06
5.054366601489921865e-06 1.122978078032926943e-05 1.893962953174905619e+06
5.160456330557664214e-06 1.140609833731218770e-05 1.864685711530835833e+06
5.268772853109329880e-06 1.158518411510430166e-05 1.835861062154936604e+06
5.379362908911973510e-06 1.176708157048676211e-05 1.807482008645463502e+06
5.492274218787130976e-06 1.195183484225275340e-05 1.779541662755799014e+06
5.607555505202931473e-06 1.213948876190345273e-05 1.752033242722515250e+06
5.725256513298363292e-06 1.233008886451136497e-05 1.724950071619293652e+06
5.845428032348849686e-06 1.252368139975368231e-05 1.698285575736294035e+06
5.968121917682376804e-06 1.272031334311839807e-05 1.672033282984567573e+06
6.093391113055635902e-06 1.292003240728570876e-05 1.646186821325150318e+06
6.221289673499833470e-06 1.312288705368765407e-05 1.620739917222423712e+06
6.351872788646035505e-06 1.332892650424859653e-05 1.595686394121392164e+06
6.485196806540090049e-06 1.353820075330936345e-05 1.571020170948504237e+06
6.621319257957433851e-06 1.375076057973804263e-05 1.546735260635640938e+06
6.760298881228249077e-06 1.396665755923018833e-05 1.522825768666925607e+06
6.902195647583696913e-06 1.418594407680148820e-05 1.499285891647995682e+06
7.047070787034162382e-06 1.440867333947579170e-05 1.476109915897395695e+06
7.194986814790676840e-06 1.463489938917164917e-05 1.453292216059740633e+06
7.346007558240911572e-06 1.486467711579036163e-05 1.430827253740318585e+06
7.500198184491400205e-06 1.509806227050864334e-05 1.408709576160808792e+06
7.657625228487858574e-06 1.533511147927929701e-05 1.386933814835761907e+06
7.818356621725743391e-06 1.557588225654275101e-05 1.365494684269563761e+06
7.982461721563432520e-06 1.582043301915311454e-05 1.344386980673524085e+06
8.150011341150696751e-06 1.606882310052189992e-05 1.323605580702802632e+06
8.321077779985335441e-06 1.632111276498272723e-05 1.303145440212865593e+06
8.495734855111216005e-06 1.657736322238059952e-05 1.283001593035159633e+06
8.674057932971129163e-06 1.683763664288916531e-05 1.263169149771713419e+06
8.856123961928239475e-06 1.710199617205947865e-05 1.243643296608373057e+06
9.042011505470144486e-06 1.737050594610380064e-05 1.224419294146388071e+06
9.231800776109886137e-06 1.764323110741828116e-05 1.205492476252051769e+06
9.425573669998522358e-06 1.792023782034801063e-05 1.186858248924128246e+06
9.623413802264219155e-06 1.820159328719830083e-05 1.168512089178789174e+06
9.825406543093094533e-06 1.848736576449595909e-05 1.150449543951785890e+06
1.003163905456738948e-05 1.877762457950449951e-05 1.132666229017592501e+06
1.024220032827686149e-05 1.907244014699720116e-05 1.115157827925256221e+06
1.045718122371962964e-05 1.937188398629184193e-05 1.097920090950703248e+06
1.067667450750904790e-05 1.967602873855150571e-05 1.080948834065232659e+06
1.090077489340351482e-05 1.998494818435515939e-05 1.064239937919963151e+06
1.112957908317649431e-05 2.029871726154249239e-05 1.047789346845975611e+06
1.136318580834439775e-05 2.061741208333712510e-05 1.031593067869910854e+06
1.160169587277031175e-05 2.094110995675243486e-05 1.015647169744789484e+06
1.184521219616197079e-05 2.126988940128453302e-05 9.999477819958071923e+05
1.209383985848274155e-05 2.160383016789660428e-05 9.844910939808875555e+05
1.234768614529477381e-05 2.194301325829928410e-05 9.692733539657533402e+05
1.260686059405390300e-05 2.228752094453153288e-05 9.542908682132976828e+05
1.287147504137623500e-05 2.263743678884673683e-05 9.395400000870304648e+05
1.314164367129700132e-05 2.299284566390867371e-05 9.250171691683831159e+05
1.341748306454193363e-05 2.335383377330179226e-05 9.107188503876732429e+05
1.369911224883352469e-05 2.372048867236179205e-05 8.966415731684690109e+05
1.398665275025236518e-05 2.409289928932941072e-05 8.827819205852287123e+05
1.428022864567741261e-05 2.447115594683489293e-05 8.691365285339110997e+05
1.457996661632608839e-05 2.485535038371563800e-05 8.557020849154546158e+05
1.488599600241905512e-05 2.524557577717469024e-05 8.424753288318336708e+05
1.519844885899148682e-05 2.564192676528269436e-05 8.294530497945890529e+05
1.551746001287672937e-05 2.604449946983132888e-05 8.166320869455462089e+05
1.584316712088508372e-05 2.645339151954086707e-05 8.040093282896236051e+05
1.617571072920471033e-05 2.686870207362979709e-05 7.915817099394650431e+05
1.651523433404834790e-05 2.729053184574985208e-05 7.793462153717788169e+05
1.686188444357400191e-05 2.771898312829405327e-05 7.672998746951451758e+05
1.721581064110444122e-05 2.815415981708165564e-05 7.554397639291661326e+05
1.757716564967420884e-05 2.859616743642707056e-05 7.437630042947452748e+05
1.794610539793126529e-05 2.904511316459809829e-05 7.322667615153405350e+05
1.832278908742190462e-05 2.950110585966930139e-05 7.209482451290236786e+05
1.870737926128795888e-05 2.996425608577695646e-05 7.098047078111675801e+05
1.910004187440595086e-05 3.043467613978126943e-05 6.988334447076102952e+05
1.950094636499845107e-05 3.091248007834238005e-05 6.880317927781230537e+05
1.991026572774851164e-05 3.139778374541634900e-05 6.773971301500287373e+05
2.032817658844878836e-05 3.189070480017740250e-05 6.669268754818139132e+05
2.075485928021748736e-05 3.239136274537318352e-05 6.566184873365757521e+05
2.119049792131409951e-05 3.289987895611927091e-05 6.464694635651576100e+05
2.163528049458843459e-05 3.341637670913992226e-05 6.364773406988177449e+05
2.208939892859729050e-05 3.394098121246155248e-05 6.266396933512894902e+05
2.255304918042372653e-05 3.447381963556609704e-05 6.169541336300811963e+05
2.302643132023469207e-05 3.501502114001086679e-05 6.074183105568805477e+05
2.350974961761350117e-05 3.556471691052232108e-05 5.980299094969156431e+05
2.400321262970439511e-05 3.612304018657065739e-05 5.887866515971384943e+05
2.450703329120722821e-05 3.669012629443256312e-05 5.796862932330945041e+05
2.502142900626114897e-05 3.726611267974956279e-05 5.707266254643399734e+05
2.554662174225683967e-05 3.785113894058934712e-05 5.619054734982803930e+05
2.608283812561789749e-05 3.844534686101759184e-05 5.532206961622971576e+05
2.663030953959262130e-05 3.904888044518816742e-05 5.446701853840323165e+05
2.718927222409840989e-05 3.966188595195928860e-05 5.362518656797099393e+05
2.775996737766188584e-05 4.028451193004371468e-05 5.279636936503648758e+05
2.834264126149870248e-05 4.091690925370067153e-05 5.198036574858625536e+05
2.893754530577795047e-05 4.155923115897822975e-05 5.117697764765807660e+05
2.954493621811703932e-05 4.221163328051343711e-05 5.038601005326467566e+05
3.016507609435385408e-05 4.287427368889957683e-05 4.960727097106003202e+05
3.079823253164397004e-05 4.354731292862829017e-05 4.884057137473768089e+05
3.144467874393176536e-05 4.423091405661521661e-05 4.808572516014953726e+05
3.210469367984524391e-05 4.492524268131836061e-05 4.734254910013359040e+05
3.277856214306539717e-05 4.563046700245716058e-05 4.661086280004035798e+05
3.346657491522215351e-05 4.634675785134203819e-05 4.589048865394643508e+05
3.416902888136981394e-05 4.707428873182268155e-05 4.518125180154528935e+05
3.488622715809621137e-05 4.781323586186506401e-05 4.448298008570403326e+05
3.561847922432084720e-05 4.856377821576548593e-05 4.379550401067684870e+05
3.636610105483842418e-05 4.932609756701213587e-05 4.311865670096382382e+05
3.712941525666539443e-05 5.010037853180267545e-05 4.245227386080627912e+05
3.790875120824876038e-05 5.088680861322877110e-05 4.179619373430752312e+05
3.870444520159566906e-05 5.168557824613498607e-05 4.115025706617148244e+05
3.951684058738825529e-05 5.249688084266611370e-05 4.051430706304606865e+05
4.034628792314196250e-05 5.332091283850734297e-05 3.988818935546669527e+05
4.119314512447624867e-05 5.415787373983355329e-05 3.927175196038563154e+05
4.205777761955778319e-05 5.500796617097227176e-05 3.866484524428273435e+05
4.294055850678803730e-05 5.587139592279587164e-05 3.806732188684460125e+05
4.384186871579798256e-05 5.674837200184894797e-05 3.747903684520681854e+05
4.476209717182478860e-05 5.763910668022578489e-05 3.689984731874752324e+05
4.570164096353591108e-05 5.854381554620488072e-05 3.632961271442651050e+05
4.666090551437864598e-05 5.946271755565519455e-05 3.576819461265890859e+05
4.764030475752332620e-05 6.039603508422132435e-05 3.521545673371768789e+05
4.864026131448141461e-05 6.134399398030317488e-05 3.467126490465416573e+05
4.966120667747029493e-05 6.230682361883704075e-05 3.413548702673115185e+05
5.070358139560735624e-05 6.328475695589332408e-05 3.360799304335862980e+05
5.176783526501168442e-05 6.427803058410013642e-05 3.308865490852556541e+05
5.285442752289601061e-05 6.528688478890597147e-05 3.257734655571948970e+05
5.396382704573259676e-05 6.631156360569226361e-05 3.207394386732672574e+05
5.509651255157858830e-05 6.735231487774907973e-05 3.157832464450540720e+05
5.625297280664809857e-05 6.840939031512490841e-05 3.109036857752450160e+05
5.743370683622018723e-05 6.948304555436382796e-05 3.060995721656112582e+05
5.863922413997373772e-05 7.057354021914227760e-05 3.013697394294933765e+05
5.987004491184215677e-05 7.168113798181775115e-05 2.967130394087343593e+05
6.112670026448277711e-05 7.280610662590235576e-05 2.921283416949885432e+05
6.240973245845774214e-05 7.394871810947457153e-05 2.876145333553370438e+05
6.371969513622544132e-05 7.510924862954135490e-05 2.831705186621468747e+05
6.505715356104328664e-05 7.628797868736450440e-05 2.787952188271050109e+05
6.642268486088497145e-05 7.748519315476470567e-05 2.744875717393626110e+05
6.781687827747753534e-05 7.870118134141534472e-05 2.702465317077306099e+05
6.924033542056566581e-05 7.993623706314183729e-05 2.660710692068569479e+05
7.069367052751286316e-05 8.119065871123876663e-05 2.619601706273283344e+05
7.217751072835157508e-05 8.246474932281831435e-05 2.579128380296372052e+05
7.369249631639675213e-05 8.375881665220570528e-05 2.539280889019491151e+05
7.523928102453936216e-05 8.507317324339413480e-05 2.500049559216160560e+05
7.681853230733934280e-05 8.640813650357408616e-05 2.461424867203768517e+05
7.843093162903953114e-05 8.776402877775217625e-05 2.423397436531850835e+05
8.007717475762498270e-05 8.914117742447214704e-05 2.385958035706136434e+05
8.175797206505447726e-05 9.053991489265521438e-05 2.349097575947740115e+05
8.347404883379380062e-05 9.196057879957205295e-05 2.312807108987027605e+05
8.522614556978308877e-05 9.340351200996346620e-05 2.277077824891555356e+05
8.701501832197325802e-05 9.486906271632322620e-05 2.241901049927604909e+05
8.884143900856940476e-05 9.635758452035902109e-05 2.207268244454767846e+05
9.070619575012198535e-05 9.786943651564702787e-05 2.173171000853071746e+05
9.261009320960947387e-05 9.940498337149440830e-05 2.139601041482160508e+05
9.455395293965925777e-05 1.009645954180268178e-04 2.106550216672005772e+05
9.653861373705660835e-05 1.025486487325151031e-04 2.074010502744693949e+05
9.856493200469466627e-05 1.041575252269577232e-04 2.041974000066783046e+05
1.006337821211216214e-04 1.057916127369349523e-04 2.010432931131764199e+05
1.027460568178450068e-04 1.074513051117499505e-04 1.979379638672171568e+05
1.049026675645545447e-04 1.091370023058733967e-04 1.948806583800871158e+05
1.071045449624317177e-04 1.108491104717076911e-04 1.918706344181082968e+05
1.093526391457142654e-04 1.125880420536872335e-04 1.889071612224683922e+05
1.116479201916895260e-04 1.143542158837301055e-04 1.859895193318372767e+05
1.139913785392934574e-04 1.161480572780592080e-04 1.831170004077240301e+05
1.163840254164958418e-04 1.179699981354076271e-04 1.802889070625344175e+05
1.188268932766562748e-04 1.198204770366254941e-04 1.775045526902865677e+05
1.213210362440391007e-04 1.216999393457054421e-04 1.747632612999423291e+05
1.238675305686795926e-04 1.236088373122429913e-04 1.720643673513148096e+05
1.264674750907976561e-04 1.255476301753473661e-04 1.694072155935139162e+05
1.291219917149593927e-04 1.275167842690220024e-04 1.667911609058870235e+05
1.318322258941912318e-04 1.295167731290285010e-04 1.642155681414204300e+05
1.345993471242555313e-04 1.315480776012544915e-04 1.616798119725587894e+05
1.374245494483007451e-04 1.336111859515979022e-04 1.591832767394105031e+05
1.403090519721041660e-04 1.357065939773888718e-04 1.567253563002970768e+05
1.432540993901293945e-04 1.378348051203626677e-04 1.543054538846139912e+05
1.462609625226257020e-04 1.399963305812027990e-04 1.519229819479650178e+05
1.493309388640009019e-04 1.421916894356695322e-04 1.495773620295365108e+05
1.524653531427043538e-04 1.444214087523324017e-04 1.472680246116748895e+05
1.556655578928618528e-04 1.466860237119212726e-04 1.449944089816361084e+05
1.589329340379088144e-04 1.489860777283146019e-04 1.427559630954711174e+05
1.622688914864743755e-04 1.513221225711812988e-04 1.405521434440145676e+05
1.656748697407716851e-04 1.536947184902908998e-04 1.383824149209465249e+05
1.691523385177592844e-04 1.561044343415116586e-04 1.362462506928917428e+05
1.727027983833401531e-04 1.585518477145104522e-04 1.341431320715274487e+05
1.763277813998721832e-04 1.610375450621720429e-04 1.320725483876677172e+05
1.800288517872699408e-04 1.635621218317532264e-04 1.300339968672940449e+05
1.838076065979827786e-04 1.661261825977895920e-04 1.280269825095011474e+05
1.876656764061403269e-04 1.687303411967670938e-04 1.260510179663307208e+05
1.916047260111632740e-04 1.713752208635792209e-04 1.241056234244606458e+05
1.956264551561424177e-04 1.740614543697810977e-04 1.221903264887236728e+05
1.997325992612965825e-04 1.767896841636575349e-04 1.203046620674262376e+05
2.039249301728253416e-04 1.795605625121206729e-04 1.184481722594392922e+05
2.082052569274801758e-04 1.823747516444507947e-04 1.166204062430343765e+05
2.125754265331836136e-04 1.852329238978962214e-04 1.148209201664373104e+05
2.170373247660334316e-04 1.881357618651453259e-04 1.130492770400736335e+05
2.215928769840356323e-04 1.910839585436858448e-04 1.113050466304789297e+05
2.262440489579177277e-04 1.940782174870641730e-04 1.095878053558489628e+05
2.309928477193800851e-04 1.971192529580591702e-04 1.078971361832034600e+05
2.358413224271523675e-04 2.002077900837821061e-04 1.062326285271393426e+05
2.407915652512278152e-04 2.033445650127162978e-04 1.045938781501484336e+05
2.458457122756576327e-04 2.065303250737084465e-04 1.029804870644753682e+05
2.510059444202946809e-04 2.097658289369224891e-04 1.013920634354922513e+05
2.562744883818841076e-04 2.130518467767687568e-04 9.982822148656613717e+04
2.616536175949078151e-04 2.163891604368180374e-04 9.828858140539635497e+04
2.671456532125956042e-04 2.197785635967100819e-04 9.677276925179966202e+04
2.727529651085296809e-04 2.232208619410691857e-04 9.528041686691905488e+04
2.784779728992694040e-04 2.267168733304308296e-04 9.381116178383673832e+04
2.843231469884432354e-04 2.302674279741933933e-04 9.236464713956696505e+04
2.902910096327550185e-04 2.338733686055981947e-04 9.094052158840923221e+04
2.963841360303651543e-04 2.375355506587476667e-04 8.953843921663978836e+04
3.026051554321169458e-04 2.412548424476659533e-04 8.815805945852141303e+04
3.089567522760872228e-04 2.450321253474101396e-04 8.679904701361007756e+04
3.154416673459506533e-04 2.488682939772329816e-04 8.546107176533993334e+04
3.220626989536580476e-04 2.527642563858048335e-04 8.414380870086522191e+04
3.288227041469386639e-04 2.567209342384960211e-04 8.284693783214069845e+04
3.357245999421475829e-04 2.607392630067206351e-04 8.157014411822122929e+04
3.427713645829902236e-04 2.648201921593460817e-04 8.031311738876112213e+04
3.499660388256671311e-04 2.689646853561644614e-04 7.907555226869558101e+04
3.573117272509938229e-04 2.731737206434285930e-04 7.785714810408497578e+04
3.648115996040611595e-04 2.774482906514479682e-04 7.665760888910472568e+04
3.724688921620152569e-04 2.817894027942421963e-04 7.547664319416267972e+04
3.802869091305466397e-04 2.861980794712500422e-04 7.431396409512612445e+04
3.882690240696909617e-04 2.906753582710821311e-04 7.316928910364270268e+04
3.964186813495573932e-04 2.952222921773187841e-04 7.204234009853619500e+04
4.047393976366119397e-04 2.998399497763379134e-04 7.093284325826232089e+04
4.132347634111578107e-04 3.045294154671672861e-04 6.984052899440706824e+04
4.219084445166666124e-04 3.092917896733469530e-04 6.876513188621225709e+04
4.307641837416304018e-04 3.141281890567940356e-04 6.770639061611125362e+04
4.398058024346157514e-04 3.190397467336498691e-04 6.666404790626054455e+04
4.490372021532176177e-04 3.240276124920987125e-04 6.563785045605065534e+04
4.584623663476237077e-04 3.290929530121385104e-04 6.462754888058178767e+04
4.680853620795187944e-04 3.342369520872842453e-04 6.363289765008915128e+04
4.779103417770636376e-04 3.394608108481842021e-04 6.265365503030323453e+04
4.879415450267150941e-04 3.447657479881259426e-04 6.168958302373041079e+04
4.981833004026538399e-04 3.501529999904078125e-04 6.074044731183980184e+04
5.086400273346113358e-04 3.556238213575485508e-04 5.980601719814231910e+04
5.193162380149021935e-04 3.611794848423077330e-04 5.888606555214794207e+04
5.302165393454851775e-04 3.668212816804860416e-04 5.798036875418764976e+04
5.413456349258910939e-04 3.725505218254712638e-04 5.708870664108690835e+04
5.527083270828782053e-04 3.783685341844990097e-04 5.621086245267680351e+04
5.643095189426884433e-04 3.842766668565851074e-04 5.534662277913082653e+04
5.761542165468005105e-04 3.902762873720969322e-04 5.449577750911347539e+04
5.882475310120913615e-04 3.963687829339167788e-04 5.365811977872880379e+04
6.005946807363394526e-04 4.025555606601546117e-04 5.283344592125642521e+04
6.132009936500201720e-04 4.088380478283653642e-04 5.202155541766228271e+04
6.260719095153667374e-04 4.152176921212176572e-04 5.122225084787292144e+04
6.392129822736869818e-04 4.216959618735672123e-04 5.043533784280060354e+04
6.526298824419498636e-04 4.282743463208755954e-04 4.966062503710832971e+04
6.663283995596757043e-04 4.349543558489199751e-04 4.889792402270285675e+04
6.803144446871864934e-04 4.417375222447325286e-04 4.814704930294466612e+04
6.945940529562923300e-04 4.486253989487092139e-04 4.740781824756345304e+04
7.091733861745177191e-04 4.556195613078174896e-04 4.668005104826865863e+04
7.240587354839885708e-04 4.627216068298381458e-04 4.596357067504395673e+04
7.392565240761292660e-04 4.699331554385723477e-04 4.525820283311477397e+04
7.547733099633402920e-04 4.772558497299292119e-04 4.456377592057937727e+04
7.706157888088521063e-04 4.846913552288291383e-04 4.388012098669207626e+04
7.867907968159769090e-04 4.922413606468326345e-04 4.320707169078927109e+04
8.033053136780078651e-04 4.999075781404152714e-04 4.254446426184794836e+04
8.201664655900293066e-04 5.076917435697991593e-04 4.189213745866716636e+04
8.373815283239505582e-04 5.155956167582549134e-04 4.124993253066232137e+04
8.549579303680808007e-04 5.236209817517763687e-04 4.061769317926323856e+04
8.729032561326031513e-04 5.317696470790353978e-04 3.999526551990635926e+04
8.912252492223307534e-04 5.400434460115103100e-04 3.938249804461228632e+04
9.099318157781574818e-04 5.484442368236953479e-04 3.877924158513882867e+04
9.290310278886437356e-04 5.569739030532736479e-04 3.818534927670151956e+04
9.485311270732119408e-04 5.656343537611567334e-04 3.760067652225187339e+04
9.684405278384519743e-04 5.744275237912617417e-04 3.702508095730586501e+04
9.887678213090732564e-04 5.833553740299254409e-04 3.645842241531306354e+04
1.009521778935069209e-03 5.924198916648299243e-04 3.590056289355849003e+04
1.030711356276694038e-03 6.016230904433161625e-04 3.535136651958907169e+04
1.052345696868885183e-03 6.109670109299593236e-04 3.481069951815652894e+04
1.074434136166798953e-03 6.204537207632875723e-04 3.427843017866817536e+04
1.096986205574161958e-03 6.300853149114955983e-04 3.375442882313882001e+04
1.120011636556175793e-03 6.398639159270378372e-04 3.323856777463480103e+04
1.143520364838751307e-03 6.497916741999474298e-04 3.273072132620366028e+04
1.167522534695883537e-03 6.598707682097566677e-04 3.223076571028097533e+04
1.192028503327016275e-03 6.701034047758580321e-04 3.173857906856803675e+04
1.217048845326288440e-03 6.804918193061853691e-04 3.125404142237184351e+04
1.242594357245586272e-03 6.910382760440414050e-04 3.077703464340156279e+04
1.268676062253374379e-03 7.017450683129457245e-04 3.030744242501338522e+04
1.295305214891313578e-03 7.126145187593331022e-04 2.984515025389762013e+04
1.322493305930717931e-03 7.236489795929634079e-04 2.939004538220067843e+04
1.350252067330953449e-03 7.348508328248804563e-04 2.894201680007551477e+04
1.378593477301900050e-03 7.462224905027608568e-04 2.850095520865409708e+04
1.407529765472684399e-03 7.577663949435028100e-04 2.806675299343506413e+04
1.437073418168898897e-03 7.694850189628950387e-04 2.763930419808028819e+04
1.467237183800587739e-03 7.813808661021958519e-04 2.721850449861447851e+04
1.498034078363325028e-03 7.934564708514791178e-04 2.680425117802100431e+04
1.529477391054760195e-03 8.057143988695700948e-04 2.639644310122849856e+04
1.561580690009052412e-03 8.181572472004256229e-04 2.599498069048178877e+04
1.594357828151668792e-03 8.307876444857882365e-04 2.559976590109162498e+04
1.627822949177074301e-03 8.436082511739588334e-04 2.521070219755733706e+04
1.661990493651890324e-03 8.566217597245355704e-04 2.482769453005655669e+04
1.696875205246157993e-03 8.698308948089501736e-04 2.445064931129686011e+04
1.732492137095392954e-03 8.832384135066590923e-04 2.407947439372341614e+04
1.768856658296179144e-03 8.968471054968313099e-04 2.371407904707748821e+04
1.805984460538101423e-03 9.106597932453835195e-04 2.335437393630046427e+04
1.843891564874882609e-03 9.246793321872184617e-04 2.300027109977811779e+04
1.882594328637643378e-03 9.389086109035206041e-04 2.265168392792013401e+04
1.922109452493269820e-03 9.533505512939708130e-04 2.230852714206974633e+04
1.962453987650934414e-03 9.680081087437515447e-04 2.197071677373853163e+04
2.003645343219880547e-03 9.828842722852007378e-04 2.163817014416168240e+04
2.045701293721642958e-03 9.979820647540082676e-04 2.131080584416867714e+04
2.088639986759947831e-03 1.013304542939818132e-03 2.098854371436503789e+04
2.132479950851605844e-03 1.028854797731145734e-03 2.067130482562014004e+04
2.177240103421767235e-03 1.044635954254483729e-03 2.035901145985705443e+04
2.222939758966999222e-03 1.060651172007526623e-03 2.005158709113939403e+04
2.269598637389701624e-03 1.076903644986406013e-03 1.974895636705127981e+04
2.317236872507468914e-03 1.093396601806864927e-03 1.945104509036591116e+04
2.365875020741039451e-03 1.110133305819310323e-03 1.915778020099848436e+04
2.415534069984626598e-03 1.127117055217666990e-03 1.886908975823953369e+04
2.466235448662422534e-03 1.144351183142009202e-03 1.858490292326427516e+04
2.518001034975196964e-03 1.161839057774908136e-03 1.830514994191438382e+04
2.570853166340983202e-03 1.179584082431492636e-03 1.802976212774788655e+04
2.624814649033915641e-03 1.197589695643195597e-03 1.775867184535355773e+04
2.679908768025390190e-03 1.215859371235197004e-03 1.749181249392594691e+04
2.736159297031783011e-03 1.234396618397569281e-03 1.722911849109734976e+04
2.793590508773069990e-03 1.253204981750166572e-03 1.697052525702300045e+04
2.852227185446771802e-03 1.272288041401289840e-03 1.671596919871594582e+04
2.912094629421743946e-03 1.291649413000193038e-03 1.646538769462810887e+04
2.973218674156425257e-03 1.311292747783505182e-03 1.621871907947399268e+04
3.035625695346259867e-03 1.331221732615661115e-03 1.597590262929364690e+04
3.099342622305099101e-03 1.351440090023441152e-03 1.573687854675162453e+04
3.164396949585493880e-03 1.371951578224757298e-03 1.550158794666853646e+04
3.230816748842896616e-03 1.392759991151823083e-03 1.526997284178197879e+04
3.298630680948888734e-03 1.413869158468866391e-03 1.504197612873372600e+04
3.367868008358660976e-03 1.435282945584563956e-03 1.481754157428005419e+04
3.438558607738082060e-03 1.457005253659404394e-03 1.459661380172200916e+04
3.510732982855810109e-03 1.479040019608189030e-03 1.437913827755268903e+04
3.584422277746000980e-03 1.501391216097899481e-03 1.416506129831863109e+04
3.659658290147301245e-03 1.524062851541207412e-03 1.395432997769215399e+04
3.736473485223921944e-03 1.547058970085882744e-03 1.374689223375195070e+04
3.814901009574708096e-03 1.570383651600393499e-03 1.354269677646908349e+04
3.894974705536273767e-03 1.594041011656025571e-03 1.334169309539543065e+04
3.976729125786321491e-03 1.618035201505832726e-03 1.314383144755199464e+04
4.060199548253512480e-03 1.642370408060779812e-03 1.294906284551425961e+04
4.145421991340282261e-03 1.667050853863455417e-03 1.275733904569181323e+04
4.232433229465167208e-03 1.692080797059713039e-03 1.256861253679981928e+04
4.321270808931378798e-03 1.717464531368673598e-03 1.238283652851949591e+04
4.411973064128436525e-03 1.743206386051503231e-03 1.219996494034505486e+04
4.504579134073885549e-03 1.769310725879397889e-03 1.201995239061459870e+04
4.599128979302204503e-03 1.795781951101227056e-03 1.184275418572245690e+04
4.695663399108217922e-03 1.822624497411335547e-03 1.166832630951025203e+04
4.794224049152440506e-03 1.849842835917952892e-03 1.149662541283444807e+04
4.894853459435947844e-03 1.877441473112729641e-03 1.132760880330778127e+04
4.997595052652540823e-03 1.905424950841915150e-03 1.116123443521212721e+04
5.102493162926111450e-03 1.933797846279686422e-03 1.099746089958044104e+04
5.209593054941307790e-03 1.962564771904190281e-03 1.083624741444524079e+04
5.318940943475736205e-03 1.991730375476818624e-03 1.067755381525135635e+04
5.430584013342149886e-03 2.021299340025286412e-03 1.052134054543050843e+04
5.544570439749207935e-03 2.051276383831080082e-03 1.036756864713529285e+04
5.660949409089609599e-03 2.081666260421834516e-03 1.021619975213031103e+04
5.779771140164561768e-03 2.112473758569228827e-03 1.006719607283797995e+04
5.901086905853738206e-03 2.143703702292965377e-03 9.920520393536800839e+03
6.024949055240096281e-03 2.175360950871428351e-03 9.776136061709632486e+03
6.151411036199073111e-03 2.207450398859611262e-03 9.634006979539677559e+03
6.280527418461934533e-03 2.239976976114875853e-03 9.494097595551911581e+03
6.412353917163210806e-03 2.272945647831157816e-03 9.356372896397528166e+03
6.546947416882381923e-03 2.306361414582176143e-03 9.220798398779181298e+03
6.684365996190220864e-03 2.340229312374239416e-03 9.087340141514638162e+03
6.824668952710299420e-03 2.374554412709227111e-03 8.955964677736546946e+03
6.967916828706585339e-03 2.409341822658297994e-03 8.826639067226045881e+03
7.114171437208086438e-03 2.444596684946902850e-03 8.699330868877850662e+03
7.263495888681851219e-03 2.480324178051654480e-03 8.574008133294526488e+03
7.415954618265828933e-03 2.516529516309589255e-03 8.450639395507674635e+03
7.571613413573334908e-03 2.553217950040357134e-03 8.329193667823703436e+03
7.730539443081129759e-03 2.590394765681880516e-03 8.209640432791842613e+03
7.892801285113349233e-03 2.628065285939962855e-03 8.091949636292207288e+03
8.058468957433811974e-03 2.666234869952365753e-03 7.976091680741532400e+03
8.227613947459438970e-03 2.704908913467847596e-03 7.862037418414279273e+03
8.400309243107872276e-03 2.744092849040599170e-03 7.749758144876942424e+03
8.576629364292546326e-03 2.783792146240572380e-03 7.639225592533147392e+03
8.756650395078863225e-03 2.824012311880126636e-03 7.530411924277338585e+03
8.940450016515288229e-03 2.864758890257407958e-03 7.423289727254822537e+03
9.128107540153583208e-03 2.906037463416900109e-03 7.317832006725846441e+03
9.319703942272604055e-03 2.947853651427506834e-03 7.214012180031570097e+03
9.515321898820457494e-03 2.990213112678594132e-03 7.111804070659593890e+03
9.715045821090072947e-03 3.033121544194306105e-03 7.011181902406970949e+03
9.918961892143609432e-03 3.076584681966553370e-03 6.912120293638392468e+03
1.012715810400137764e-02 3.120608301306971970e-03 6.814594251637479829e+03
1.033972429561139626e-02 3.165198217218216648e-03 6.718579167048947966e+03
1.055675219161583342e-02 3.210360284784856931e-03 6.624050808409602723e+03
1.077833544193122772e-02 3.256100399584206488e-03 6.530985316766017604e+03
1.100456966215944410e-02 3.302424498117357242e-03 6.439359200376842637e+03
1.123555247484685909e-02 3.349338558260707074e-03 6.349149329497692634e+03
1.147138355160955657e-02 3.396848599738220512e-03 6.260332931246652151e+03
1.171216465614272409e-02 3.444960684614727271e-03 6.172887584548335326e+03
1.195799968813279941e-02 3.493680917810439070e-03 6.086791215154699785e+03
1.220899472809132934e-02 3.543015447636996534e-03 6.002022090740575550e+03
1.246525808312987441e-02 3.592970466355252610e-03 5.918558816072121772e+03
1.272690033369570581e-02 3.643552210754985067e-03 5.836380328246445970e+03
1.299403438128849363e-02 3.694766962756856378e-03 5.755465892000465828e+03
1.326677549717852900e-02 3.746621050036737233e-03 5.675795095087465597e+03
1.354524137214755015e-02 3.799120846672712423e-03 5.597347843719504453e+03
1.382955216727360312e-02 3.852272773814909620e-03 5.520104358074177981e+03
1.411983056578186048e-02 3.906083300378432495e-03 5.444045167864038376e+03
1.441620182598378139e-02 3.960558943759558657e-03 5.369151107967250937e+03
1.471879383532744869e-02 4.015706270575490795e-03 5.295403314117884293e+03
1.502773716558239783e-02 4.071531897427810645e-03 5.222783218654521079e+03
1.534316512918277448e-02 4.128042491689907709e-03 5.151272546325736585e+03
1.566521383675310505e-02 4.185244772318579172e-03 5.080853310151157530e+03
1.599402225584152515e-02 4.243145510690045190e-03 5.011507807336813130e+03
1.632973227088580642e-02 4.301751531460592040e-03 4.943218615243570639e+03
1.667248874443803819e-02 4.361069713452061722e-03 4.875968587407514860e+03
1.702243957967441296e-02 4.421106990562475095e-03 4.809740849611078374e+03
1.737973578421706661e-02 4.481870352701901317e-03 4.744518796004011165e+03
1.774453153529551713e-02 4.543366846753951749e-03 4.680286085273012759e+03
1.811698424627583917e-02 4.605603577563010219e-03 4.617026636859198334e+03
1.849725463458625277e-02 4.668587708947459849e-03 4.554724627222454728e+03
1.888550679106846056e-02 4.732326464739186611e-03 4.493364486151778692e+03
1.928190825078462955e-02 4.796827129849485366e-03 4.432930893120880683e+03
1.968663006531062507e-02 4.862097051361662439e-03 4.373408773688202928e+03
2.009984687654663843e-02 4.928143639650504719e-03 4.314783295940688731e+03
2.052173699207706856e-02 4.994974369528834730e-03 4.257039866980586339e+03
2.095248246211221105e-02 5.062596781421347704e-03 4.200164129454663453e+03
2.139226915804491938e-02 5.131018482565857276e-03 4.144141958125272140e+03
2.184128685265614156e-02 5.200247148242250796e-03 4.088959456482587029e+03
2.229972930200397122e-02 5.270290523029132548e-03 4.034602953397647525e+03
2.276779432903148701e-02 5.341156422088445474e-03 3.981058999815565130e+03
2.324568390892954584e-02 5.412852732478101725e-03 3.928314365488521162e+03
2.373360425629126788e-02 5.485387414492787737e-03 3.876356035748049635e+03
2.423176591409592628e-02 5.558768503032962029e-03 3.825171208316260618e+03
2.474038384456046097e-02 5.633004109002142865e-03 3.774747290155563860e+03
2.525967752189826887e-02 5.708102420732549982e-03 3.725071894356525263e+03
2.578987102702441289e-02 5.784071705439004091e-03 3.676132837063561965e+03
2.633119314424919866e-02 5.860920310701202979e-03 3.627918134438069501e+03
2.688387746000105855e-02 5.938656665974236318e-03 3.580415999658713190e+03
2.744816246362166354e-02 6.017289284127280181e-03 3.533614839958575431e+03
2.802429165027668645e-02 6.096826763010416636e-03 3.487503253698838762e+03
2.861251362602663592e-02 6.177277787049344215e-03 3.442070027478772772e+03
2.921308221510308598e-02 6.258651128867915095e-03 3.397304133281697887e+03
2.982625656943663911e-02 6.340955650938272584e-03 3.353194725656668197e+03
3.045230128048380044e-02 6.424200307258274949e-03 3.309731138935659146e+03
3.109148649340110968e-02 6.508394145056085010e-03 3.266902884485911727e+03
3.174408802361572413e-02 6.593546306521475345e-03 3.224699647997266311e+03
3.241038747584284313e-02 6.679666030563697308e-03 3.183111286804128213e+03
