# M_PBH = 1 M_solar, a/pc = 0.002, r_tr/pc = 0.000981567764946
0.000000000000000000e+00 0.000000000000000000e+00
4.620203947223520957e-02 0.000000000000000000e+00
4.691912982906649987e-02 0.000000000000000000e+00
4.764734996687141483e-02 0.000000000000000000e+00
4.838687262821068230e-02 6.527495330057452634e-144
4.913787323673931423e-02 1.497494963481242739e-141
4.990052993881929910e-02 3.139259018421542422e-139
5.067502364577788909e-02 6.060388901142264789e-137
5.146153807682205678e-02 1.078753087423704149e-134
5.226025980261884973e-02 1.772801285509313966e-132
5.307137828955223874e-02 2.692948894438424283e-130
5.389508594466676378e-02 3.785691240507568163e-128
5.473157816130882342e-02 4.931116014527367726e-126
5.558105336547631420e-02 5.958061833203357950e-124
5.644371306288772927e-02 6.685767533802235050e-122
5.731976188678158252e-02 6.975226153536829287e-120
5.820940764645800986e-02 6.773574926086970262e-118
5.911286137657355971e-02 6.129238557421009749e-116
6.003033738720117002e-02 5.173508168857312629e-114
6.096205331466709315e-02 4.077701071513798339e-112
6.190823017317681476e-02 3.004422969646779290e-110
6.286909240724236625e-02 2.071367481703117685e-108
6.384486794492315320e-02 1.337697551480942782e-106
6.483578825189324768e-02 8.099998846161500922e-105
6.584208838634787730e-02 4.603387346294227788e-103
6.686400705476200357e-02 2.457815849140525962e-101
6.790178666851440226e-02 1.234015352718236464e-99
6.895567340139048540e-02 5.831753443394726786e-98
7.002591724797782580e-02 2.596391109429372752e-96
7.111277208296767904e-02 1.090044891914756293e-94
7.221649572137724127e-02 4.319310422969134853e-93
7.333734997970642322e-02 1.616805077323867755e-91
7.447560073804387892e-02 5.722168868525957936e-90
7.563151800313695772e-02 1.916369677670448306e-88
7.680537597244049830e-02 6.078463044034004334e-87
7.799745309915991076e-02 1.827473654551224628e-85
7.920803215830339583e-02 5.212194097824464988e-84
8.043740031375971877e-02 1.411395483670832145e-82
8.168584918641691450e-02 3.631457833241116029e-81
8.295367492333824422e-02 8.884718629359178032e-80
8.424117826801183484e-02 2.068675917364431922e-78
8.554866463169058521e-02 4.587034567561971355e-77
8.687644416583965856e-02 9.694063463551116071e-76
8.822483183570759002e-02 1.954011754758727666e-74
8.959414749504049369e-02 3.759294087614851056e-73
9.098471596195466249e-02 6.908099312418124536e-72
9.239686709598760039e-02 1.213369394081097933e-70
9.383093587634462607e-02 2.038358122180246615e-69
9.528726248135985233e-02 3.277629565247802055e-68
9.676619236919087319e-02 5.047637261721585652e-67
9.826807635976506083e-02 7.450058645586665946e-66
9.979327071799885818e-02 1.054544479867287181e-64
1.013421372383076779e-01 1.432452580216090937e-63
1.029150433304280299e-01 1.868413306548371691e-62
1.045123621065715269e-01 2.341569807628669709e-61
1.061344724699315456e-01 2.821427858256923675e-60
1.077817592045637041e-01 3.270342781207487118e-59
1.094546130666610717e-01 3.648880574269790642e-58
1.111534308772464674e-01 3.921118393750438316e-57
1.128786156163029963e-01 4.060634671164673030e-56
1.146305765183657649e-01 4.054690003917624983e-55
1.164097291695972980e-01 3.906088195742301208e-54
1.182164956063695427e-01 3.632357392936649570e-53
1.200513044153758563e-01 3.262386567512757415e-52
1.219145908352971680e-01 2.831369294329596795e-51
1.238067968600454760e-01 2.375873977906781815e-50
1.257283713436104511e-01 1.928470921515137355e-49
1.276797701065327528e-01 1.514985078668054785e-48
1.296614560440302044e-01 1.152444043326245987e-47
1.316738992358021665e-01 8.492922864076752758e-47
1.337175770575379230e-01 6.066394921704269177e-46
1.357929742941562101e-01 4.201910741610244669e-45
1.379005832548016452e-01 2.823655983365694315e-44
1.400409038896267555e-01 1.841774063722226560e-43
1.422144439083858070e-01 1.166561580072245090e-42
1.444217189008699109e-01 7.178121238150189483e-42
1.466632524592109410e-01 4.293041238461316022e-41
1.489395763020840424e-01 2.496502416593988993e-40
1.512512304008375441e-01 1.412239135708911177e-39
1.535987631075806381e-01 7.774731165559722873e-39
1.559827312852592185e-01 4.167112115218972088e-38
1.584037004397504111e-01 2.175376440894898328e-37
1.608622448540072414e-01 1.106518560760030559e-36
1.633589477242855803e-01 5.486308058588503551e-36
1.658944012984852057e-01 2.652587804718171467e-35
1.684692070166382560e-01 1.251120991100383498e-34
1.710839756535778577e-01 5.758749590219330323e-34
1.737393274638212859e-01 2.587687348200247828e-33
1.764358923287019931e-01 1.135601251505629913e-32
1.791743099057846456e-01 4.868661442800973695e-32
1.819552297805999419e-01 2.040012850588251045e-31
1.847793116207338271e-01 8.356748587764942247e-31
1.876472253323088202e-01 3.347941308642389980e-30
1.905596512188935387e-01 1.312204812347078188e-29
1.935172801428790557e-01 5.033293209932751690e-29
1.965208136893595858e-01 1.890057002010805721e-28
1.995709643325571658e-01 6.950403197279597707e-28
2.026684556048288233e-01 2.503779919344209371e-27
2.058140222682971476e-01 8.838345949633970662e-27
2.090084104891450356e-01 3.058231502402315139e-26
2.122523780146147732e-01 1.037588357881896173e-25
2.155466943527551416e-01 3.452705960345559559e-25
2.188921409549577368e-01 1.127223418096610896e-24
2.222895114013269668e-01 3.611669413238219256e-24
2.257396115889263033e-01 1.135955250406256483e-23
2.292432599229471124e-01 3.508428511133209406e-23
2.328012875108439739e-01 1.064300404861641818e-22
2.364145383594835892e-01 3.172124784266439582e-22
2.400838695753530760e-01 9.291405764599306482e-22
2.438101515678760267e-01 2.675267725950268898e-21
2.475942682558842367e-01 7.574102095018124443e-21
2.514371172772935648e-01 2.109038222620778027e-20
2.553396102020346614e-01 5.777417033500525443e-20
2.593026727482880545e-01 1.557351190834144725e-19
2.633272450020761046e-01 4.131908081699835160e-19
2.674142816402620970e-01 1.079274325948859928e-18
2.715647521570113687e-01 2.776089732217484571e-18
2.757796410937669584e-01 7.033256625703424301e-18
2.800599482727947898e-01 1.755499828088483417e-17
2.844066890343531218e-01 4.317850312501239188e-17
2.888208944775437215e-01 1.046787747981364657e-16
2.933036117049011016e-01 2.501897088452527179e-16
2.978559040707774441e-01 5.896307161343001846e-16
3.024788514335832734e-01 1.370548238431122776e-15
3.071735504119427196e-01 3.142771291650047883e-15
3.119411146448247685e-01 7.110565679629467182e-15
3.167826750557116711e-01 1.587737659801045481e-14
3.216993801208675730e-01 3.499502898951095316e-14
3.266923961417708688e-01 7.615332048317138906e-14
3.317629075217750634e-01 1.636422095498793662e-13
3.369121170470633087e-01 3.473151434505363360e-13
3.421412461719636200e-01 7.281953989363162499e-13
3.474515353086931047e-01 1.508507608865763638e-12
3.528442441215977610e-01 3.088226081478901655e-12
3.583206518259605677e-01 6.248972842074514574e-12
3.638820574914465311e-01 1.250029329601230457e-11
3.695297803502578526e-01 2.472412142651214744e-11
3.752651601100712164e-01 4.836015725789347462e-11
3.810895572718328017e-01 9.356089745655931997e-11
3.870043534524852946e-01 1.790659701094937896e-10
3.930109517127044483e-01 3.546301918314623657e-10
3.991107768897213526e-01 6.786688731563144493e-10
4.053052759353110712e-01 1.284751355928036751e-09
4.115959182590274712e-01 2.356793222902444791e-09
4.179841960767640141e-01 4.280443176346834018e-09
4.244716247647259411e-01 7.698507030009826416e-09
4.310597432188952305e-01 1.371298794033425101e-08
4.377501142200758144e-01 2.419475400811255096e-08
4.445443248046032081e-01 4.228965045638875469e-08
4.514439866408090918e-01 7.324180394029312934e-08
4.584507364113280525e-01 1.256934163113910029e-07
4.655662362013389122e-01 2.137602724162216244e-07
4.727921738928307915e-01 3.603482533238871181e-07
4.801302635649889461e-01 6.022233183514403433e-07
4.875822459007951859e-01 9.978567472632924841e-07
4.951498885999388033e-01 1.639507483185586053e-06
5.028349867981358745e-01 2.671488230301733504e-06
5.106393634929573544e-01 4.317581324700143437e-06
5.185648699762656078e-01 6.921972097324382986e-06
5.266133862733634041e-01 1.100968465075440209e-05
5.347868215889588495e-01 1.737512558145543377e-05
5.430871147600504489e-01 2.721077291087505088e-05
5.515162347158436562e-01 4.229262645704801439e-05
5.600761809448039363e-01 6.524533445773574741e-05
5.687689839689599181e-01 9.991822663267946184e-05
5.775967058255668807e-01 1.519144506016617058e-04
5.865614405562474820e-01 2.293297979127683142e-04
5.956653147037236362e-01 3.437764281017578836e-04
6.049104878162571142e-01 5.117907001515309678e-04
6.142991529599208800e-01 7.567546782711558192e-04
6.238335372388207345e-01 1.111499545157088259e-03
6.335159023233910558e-01 1.621807521444775663e-03
6.433485449868904249e-01 2.351087768355157679e-03
6.533337976502228139e-01 3.386576563478828350e-03
6.634740289352180076e-01 4.847500056982182240e-03
6.737716442264944927e-01 6.895747046490031257e-03
6.842290862420473685e-01 9.749727071632076705e-03
6.948488356126896193e-01 1.370224300569252221e-02
7.056334114704878591e-01 1.914338594961981221e-02
7.165853720463306598e-01 2.658966906885154580e-02
7.277073152767715714e-01 3.672085621236073627e-02
7.390018794202902752e-01 5.042621426104065829e-02
7.504717436831211952e-01 6.886222599863478511e-02
7.621196288547905651e-01 9.352414155752777902e-02
7.739482979535222684e-01 1.263341236021360003e-01
7.859605568816585563e-01 1.697491520944345855e-01
7.981592550912535167e-01 2.268922899456015663e-01
8.105472862599973904e-01 3.017113788489159121e-01
8.231275889776314969e-01 3.991697106621803215e-01
8.359031474430183017e-01 5.254737131272875228e-01
8.488769921720270561e-01 6.883431742680640175e-01
8.620522007164099776e-01 8.973300026727211165e-01
8.754318983938342846e-01 1.164191960239905566e+00
8.890192590292448349e-01 1.503328196567798702e+00
9.028175057077334476e-01 1.932283735870162555e+00
9.168299115390935450e-01 2.472330295943533596e+00
9.310598004342419687e-01 3.149130945519369895e+00
9.455105478936887131e-01 3.993496061457626034e+00
9.601855818082475347e-01 5.042237911673105089e+00
9.750883832721722877e-01 6.339130740730047897e+00
9.902224874089147200e-01 7.935982736262014114e+00
1.005591484209697573e+00 9.893825411628158761e+00
1.021199019385104378e+00 1.228422481428803614e+01
1.037048795229884357e+00 1.519071777051102856e+01
1.053144571501184013e+00 1.871037465651943066e+01
1.069490166310403501e+00 2.295548835869175619e+01
1.086089457028900140e+00 2.805538696183887382e+01
1.102946381207746906e+00 3.415836513158735244e+01
1.120064937511767722e+00 4.143372676174407587e+01
1.137449186668067380e+00 5.007392813325505898e+01
1.155103252429285687e+00 6.029680828973324225e+01
1.173031322551802091e+00 7.234788943213830237e+01
1.191237649789119057e+00 8.650272737141375501e+01
1.209726552900668661e+00 1.030692882992150032e+02
1.228502417676273328e+00 1.223903251396184118e+02
1.247569697976507186e+00 1.448457225518532994e+02
1.266932916789206942e+00 1.708547781789024214e+02
1.286596667302376762e+00 2.008783830384288933e+02
1.306565613993750485e+00 2.354210618191924880e+02
1.326844493737258546e+00 2.750328345910820076e+02
1.347438116926673590e+00 3.203108527038277202e+02
1.368351368616692154e+00 3.719007693820664713e+02
1.389589209681729942e+00 4.304977978957649611e+02
1.411156677992699171e+00 4.968474142670693254e+02
1.433058889612053299e+00 5.717456600052639715e+02
1.455301040007376923e+00 6.560390039833168885e+02
1.477888405283816153e+00 7.506237223497971627e+02
1.500826343435630150e+00 8.564447632357656630e+02
1.524120295617174214e+00 9.744940595494915669e+02
1.547775787433606220e+00 1.105808263668104701e+03
1.571798430251627021e+00 1.251465884777169549e+03
1.596193922530562803e+00 1.412583806916248932e+03
1.620968051174108693e+00 1.590313181607026991e+03
1.646126692903054245e+00 1.785834692364796638e+03
1.671675815649307451e+00 2.000353192971564340e+03
1.697621479971562541e+00 2.235091738704237287e+03
1.723969840492937999e+00 2.491285022559885874e+03
1.750727147360925606e+00 2.770172252197420221e+03
1.777899747730000479e+00 3.072989518878361650e+03
1.805494087267242920e+00 3.400961641925982349e+03
1.833516711681329570e+00 3.755293653062537487e+03
1.861974268275250477e+00 4.137161863098051072e+03
1.890873507523131769e+00 4.547704663058520055e+03
1.920221284671528750e+00 4.988013068589195427e+03
1.950024561365572451e+00 5.459121154970996940e+03
1.980290407300355104e+00 5.961996386229254313e+03
2.011026001897947779e+00 6.497530044761233512e+03
2.042238636010443198e+00 7.066527612625036454e+03
2.073935713649439183e+00 7.669699554588207320e+03
2.106124753742350197e+00 8.307652239731089139e+03
2.138813391915994178e+00 8.980879314922880440e+03
2.172009382307852565e+00 9.689753518076464388e+03
2.205720599405445181e+00 1.043451905003386128e+04
2.239955039914252044e+00 1.121528459310766448e+04
2.274720824654628437e+00 1.203201702026698695e+04
2.310026200488164871e+00 1.288453588841044802e+04
2.345879542273935137e+00 1.377250878236067365e+04
2.382289354855116947e+00 1.469544754355597979e+04
2.419264275076442594e+00 1.565270544034763770e+04
2.456813073832962768e+00 1.664347540079054306e+04
2.494944658150607175e+00 1.766678905583731830e+04
2.533668073299036649e+00 1.872151707831719250e+04
2.572992504937295699e+00 1.980637038733276495e+04
2.612927281292753090e+00 2.091990246416016453e+04
2.653481875373874033e+00 2.206051268439137129e+04
2.694665907217331569e+00 2.322645068623786210e+04
2.736489146169993170e+00 2.441582173461575803e+04
2.778961513206327893e+00 2.562659299300944258e+04
2.822093083281779435e+00 2.685660080725947046e+04
2.865894087722671735e+00 2.810355876465473557e+04
2.910374916653194255e+00 2.936506655935203162e+04
2.955546121460069564e+00 3.063861963783571264e+04
3.001418417295468100e+00 3.192161948477887927e+04
3.048002685618770968e+00 3.321138451342872577e+04
3.095309976777780747e+00 3.450516142956377007e+04
3.143351512629999789e+00 3.580013705798047886e+04
3.192138689204586210e+00 3.709345050696862745e+04
3.241683079405635493e+00 3.838220560512907832e+04
3.291996435757401862e+00 3.966348338611608051e+04
3.343090693192146468e+00 4.093435491883965005e+04
3.394977971881243395e+00 4.219189377818070352e+04
3.447670580110230976e+00 4.343318875153634144e+04
3.501181017198482959e+00 4.465535620190040208e+04
3.555521976464198985e+00 4.585555221434459963e+04
3.610706348235414698e+00 4.703098441408485814e+04
3.619791820379897551e+00 4.722024415031834360e+04
3.639993840581917883e+00 4.763671169287760858e+04
3.660195860783937771e+00 4.804713184117020865e+04
3.666747222907735360e+00 4.817892346655111760e+04
3.680397880985958103e+00 4.845146992046263767e+04
3.700599901187978436e+00 4.884969549117393035e+04
3.720801921389998768e+00 4.924178131976701843e+04
3.723657894049539951e+00 4.929671399922885757e+04
3.741003941592018656e+00 4.962770374513384741e+04
3.761205961794038988e+00 5.000744248464599514e+04
3.781407981996059320e+00 5.038098052385996561e+04
3.781451861555374272e+00 5.038178510345628456e+04
3.801610002198079208e+00 5.074830403331293928e+04
3.821812022400099540e+00 5.110940226523399906e+04
3.840142834848288000e+00 5.143166020562682388e+04
3.842014042602119872e+00 5.146426744843194319e+04
3.862216062804139760e+00 5.181289472491187189e+04
3.882418083006160092e+00 5.215528198015391536e+04
3.899744736131873779e+00 5.244396643423959176e+04
3.902620103208180424e+00 5.249142985239339032e+04
3.922822123410200756e+00 5.282134157956529089e+04
3.943024143612220644e+00 5.314502291644846991e+04
3.960271703692779255e+00 5.341644306267833599e+04
3.963226163814240977e+00 5.346248205570259597e+04
3.983428184016261309e+00 5.377372953212306311e+04
4.003630204218281641e+00 5.407877815591636318e+04
4.021738095254487888e+00 5.434694958379664604e+04
4.023832224420301529e+00 5.437764292657087935e+04
4.044034244622321417e+00 5.467034090462604945e+04
4.064236264824342193e+00 5.495689119386907987e+04
4.084158491383129252e+00 5.523347283245258586e+04
4.084438285026362081e+00 5.523731490395227593e+04
4.104640305228382857e+00 5.551163488732268888e+04
4.124842325430402745e+00 5.577987573764836998e+04
4.145044345632422633e+00 5.604206416202992114e+04
4.147547698946173256e+00 5.607413341683995532e+04
4.165246365834443409e+00 5.629822817851761647e+04
4.185448386036463297e+00 5.654839665371085721e+04
4.205650406238483185e+00 5.679260211559902382e+04
4.211920754624795649e+00 5.686719146920955973e+04
4.225852426440503962e+00 5.703087608536663174e+04
4.246054446642523850e+00 5.726325283621232666e+04
4.266256466844543738e+00 5.748976767055248638e+04
4.277292928480759038e+00 5.761105095633534802e+04
4.286458487046564514e+00 5.771045705591807928e+04
4.306660507248584402e+00 5.792535869719260518e+04
4.326862527450604290e+00 5.813451151984705211e+04
4.343679727578652283e+00 5.830426499112632155e+04
4.347064547652625066e+00 5.833795559924621921e+04
4.367266567854644954e+00 5.853573097288923600e+04
4.387468588056664842e+00 5.872788047316110169e+04
4.407670608258685618e+00 5.891444641641953058e+04
4.411096899664357807e+00 5.894553786023350403e+04
4.427872628460705506e+00 5.909547310481339082e+04
4.448074648662726283e+00 5.927100418330236425e+04
4.468276668864746171e+00 5.944108513663956546e+04
4.479560436900597686e+00 5.953372832411419949e+04
4.488478689066766059e+00 5.960576218032294128e+04
4.508680709268786835e+00 5.976508154652110534e+04
4.528882729470806723e+00 5.992508652058852022e+04
4.549084749672826611e+00 6.010267562409055972e+04
4.549086579660481355e+00 6.010269214011457370e+04
4.569286769874847387e+00 6.028822585669039108e+04
4.589488790076867275e+00 6.047871936145461223e+04
4.609690810278887163e+00 6.067273051068749191e+04
4.619691820379897784e+00 6.076979851238546689e+04
4.619891820379897318e+00 6.092144342956139008e+04
4.629892830480907939e+00 6.237398228830486187e+04
4.650094850682927827e+00 6.367414030159082176e+04
4.670296870884948603e+00 6.463284015375982563e+04
4.690498891086968491e+00 6.545091619611106580e+04
4.710700911288988380e+00 6.618664380794593308e+04
4.730902931491009156e+00 6.687491866659132938e+04
4.751104951693029044e+00 6.754518600322597194e+04
4.771306971895048932e+00 6.819615243713266682e+04
4.791508992097069708e+00 6.883091668826472596e+04
4.800402934742793448e+00 6.910594857281661825e+04
4.811711012299089596e+00 6.945233850029720634e+04
4.831913032501109484e+00 7.006266748115635710e+04
4.852115052703130260e+00 7.066352299284520268e+04
4.872317072905150148e+00 7.125593166318557633e+04
4.892519093107170036e+00 7.184236312728427583e+04
4.912721113309190812e+00 7.242229446274152724e+04
4.932923133511210700e+00 7.299684505603056459e+04
4.953125153713230588e+00 7.356692207660106942e+04
4.973327173915251365e+00 7.413268423182102561e+04
4.987967084907261928e+00 7.454019131835718872e+04
4.993529194117271253e+00 7.469469811653370562e+04
5.013731214319291141e+00 7.525335787276974588e+04
5.033933234521311917e+00 7.580891491299329209e+04
5.054135254723331805e+00 7.636166642390696506e+04
5.074337274925351693e+00 7.691196869878924917e+04
5.094539295127372469e+00 7.745946672056248644e+04
5.114741315329392357e+00 7.800541821188504400e+04
5.134943335531413133e+00 7.854912526616374089e+04
5.155145355733433021e+00 7.909077965160713939e+04
5.175347375935452909e+00 7.963068996644610888e+04
5.182859851211910396e+00 7.983118963408113632e+04
5.195549396137473686e+00 8.016898655281652464e+04
5.215751416339493574e+00 8.070569517830805853e+04
5.235953436541514350e+00 8.124094198111972946e+04
5.256155456743534238e+00 8.177472549461104791e+04
5.276357476945554126e+00 8.230717097329322132e+04
5.296559497147574902e+00 8.283832474897612701e+04
5.316761517349594790e+00 8.336825116882011935e+04
5.336963537551614678e+00 8.389724646461737575e+04
5.357165557753635454e+00 8.442463151486845163e+04
5.377367577955655342e+00 8.495111572679012897e+04
5.385367581631459899e+00 8.515925391758423939e+04
5.397569598157675230e+00 8.547661761796391511e+04
5.417771618359696006e+00 8.600095296355527535e+04
5.437973638561715894e+00 8.652440242578920152e+04
5.458175658763735782e+00 8.704684215040221170e+04
5.478377678965756559e+00 8.756822469181295310e+04
5.498579699167776447e+00 8.808882839503361902e+04
5.518781719369796335e+00 8.860847157752088970e+04
5.538983739571817111e+00 8.912732786437969480e+04
5.559185759773836999e+00 8.964507272637210554e+04
5.579387779975856887e+00 9.016201026710431324e+04
5.595787812496124225e+00 9.058106355101605004e+04
5.599589800177877663e+00 9.067813009937656170e+04
5.619791820379897551e+00 9.119340002880469547e+04
5.814429705649570401e+00 9.611633759755885694e+04
6.041614502687788324e+00 1.017699203998611483e+05
6.277675996946224579e+00 1.075406964614107128e+05
6.522961023928691482e+00 1.134211978117404215e+05
6.777829970898597622e+00 1.194048643356342509e+05
7.042657306381213900e+00 1.254798184508046688e+05
7.317832130354974929e+00 1.316329992145107826e+05
7.603758745940177199e+00 1.378534046292171406e+05
7.900857253425015436e+00 1.441265701623350324e+05
8.209564167501770982e+00 1.504384234729867894e+05
8.530333058620001907e+00 1.567745189710936393e+05
8.863635219399064624e+00 1.631202670482527756e+05
9.209960357079101101e+00 1.694607754810438782e+05
9.569817313027852990e+00 1.757817642325235938e+05
9.943734810360490783e+00 1.820686709781800455e+05
1.033226223077089045e+01 1.883074517072593444e+05
1.073597042171565974e+01 1.944848389833138790e+05
1.115545253513701063e+01 2.005870167001187510e+05
1.159132489895664797e+01 2.066030758350101532e+05
1.204422792262116815e+01 2.125203129798412847e+05
1.251482703802951590e+01 2.183280279634210747e+05
1.300381367722486026e+01 2.240164489733099472e+05
1.351190628828740437e+01 2.295780026531442127e+05
1.403985139092082512e+01 2.349996118022067531e+05
1.458842467328313575e+01 2.402788819393197482e+05
1.515843213167356751e+01 2.454078088835863455e+05
1.575071125475002631e+01 2.503812226790894638e+05
1.636613225401692162e+01 2.551942717408052995e+05
1.700559934239133852e+01 2.598441693987497711e+05
1.767005206272615325e+01 2.643278221595002688e+05
1.836046666824191931e+01 2.686434470905439230e+05
1.907785755689581109e+01 2.727901686835690052e+05
1.982327876179506632e+01 2.767677505220870953e+05
2.059782549984482003e+01 2.805768429275532835e+05
2.140263578090541685e+01 2.842188650652872748e+05
2.223889207982383098e+01 2.876947342316484428e+05
2.310782307379570000e+01 2.910086837963893195e+05
2.401070544761035919e+01 2.941621114563178271e+05
2.494886576943170198e+01 2.971594853867038037e+05
2.592368243987055010e+01 3.000024301101433812e+05
2.693658771721232625e+01 3.026972369761900627e+05
2.798906982177555136e+01 3.052471049350799294e+05
2.908267512249320319e+01 3.076578671607790166e+05
3.021901040892934276e+01 3.099340507999670226e+05
3.139974525206928391e+01 3.120788215106693096e+05
3.262661445735209753e+01 3.140991377051182208e+05
3.390142061354926284e+01 3.159995641802034224e+05
3.522603674123465112e+01 3.177849208443840034e+05
3.660240904473712931e+01 3.194613136580473511e+05
3.803255977161903445e+01 3.210328785746219219e+05
3.951859018388176992e+01 3.225050974010427599e+05
4.106268364526426495e+01 3.238828354877664242e+05
4.266710882917003289e+01 3.251708630616324954e+05
4.433422305193619906e+01 3.263741821225874592e+05
4.606647573634214154e+01 3.274972985385066131e+05
4.786641201044621852e+01 3.285447396885086782e+05
4.973667644703828472e+01 3.295203793057427392e+05
5.168001694920257449e+01 3.304296491874727071e+05
5.369928878769916025e+01 3.312754019451558706e+05
5.579745879609675541e+01 3.320617976217440446e+05
5.797760972981993177e+01 3.327924958030705457e+05
6.024294479551551973e+01 3.334711620511725778e+05
6.259679235739341863e+01 3.341010003441672889e+05
6.504261082745595957e+01 3.346852346616107970e+05
6.758399374680116978e+01 3.352268294177323114e+05
7.022467506546611560e+01 3.357286155916766147e+05
7.296853462856668671e+01 3.361938105964983697e+05
7.581960387679573898e+01 3.366235726478134748e+05
7.878207176965398162e+01 3.370216795789830503e+05
8.186029094011681195e+01 3.373898315037683933e+05
8.505878408978026073e+01 3.377300664328852436e+05
8.838225063388144065e+01 3.380447043610643013e+05
9.183557360595716546e+01 3.383352789874075679e+05
9.542382683228569817e+01 3.386036290350480122e+05
9.915228238665226002e+01 3.388514360303787980e+05
1.030264183363913304e+02 3.390801003743072506e+05
1.070519267910871974e+02 3.392911220381954336e+05
1.112347222657581653e+02 3.394857478330562008e+05
1.155809503708110100e+02 3.396652544136343058e+05
1.200969968415359972e+02 3.398308412591906381e+05
1.247894969204058810e+02 3.399835850269242655e+05
1.296653451059669635e+02 3.401240900913774385e+05
1.347317052826438157e+02 3.402536801720718504e+05
1.399960212463416269e+02 3.403731482964043971e+05
1.454660276413117685e+02 3.404830810027722619e+05
1.511497613243480771e+02 3.405846451226442005e+05
1.570555731730117657e+02 3.406780238843213883e+05
1.631921403552348124e+02 3.407640811099052080e+05
1.695684790783279823e+02 3.408432000299735228e+05
1.761939578361255769e+02 3.409168244594890857e+05
1.830783111737308104e+02 3.409834528474056860e+05
1.902316539900848795e+02 3.410453622450528783e+05
1.976644963993739452e+02 3.411020419881120324e+05
2.053877591731109078e+02 3.411548422766414005e+05
2.134127897855783544e+02 3.412031824016876635e+05
2.217513790862084875e+02 3.412476797575917444e+05
2.304157786233970455e+02 3.412887094519324601e+05
2.394187186452010110e+02 3.413263593725476530e+05
2.487734268033734963e+02 3.413612748328493908e+05
2.584936475882101945e+02 3.413933659838273888e+05
2.685936625227678860e+02 3.414226721281688078e+05
2.790883111461221233e+02 3.414499776991971303e+05
2.899930128164965026e+02 3.414642147766422131e+05
3.013237893662932834e+02 3.414987323548205895e+05
3.130972886423191426e+02 3.415195486097400426e+05
3.253308089657840583e+02 3.415391429284572368e+05
3.380423245480184846e+02 3.415572729454932269e+05
3.512505118992472717e+02 3.415739050427600741e+05
3.649747772692220451e+02 3.415893107968264376e+05
3.792352851600319923e+02 3.416035116531319218e+05
3.940529879529816526e+02 3.416166378183157649e+05
4.094496566930676522e+02 3.416287422755858279e+05
4.254479130762861132e+02 3.416399087115946459e+05
4.420712626867655786e+02 3.416502297597067081e+05
4.593441295325604870e+02 3.416597408107164083e+05
4.772918919308490899e+02 3.416685106165768229e+05
4.959409197952566046e+02 3.416766308994226274e+05
5.153186133800904827e+02 3.416840922894817195e+05
5.354534435384152857e+02 3.416939116559035028e+05
5.563749935531128585e+02 3.416974910044720164e+05
5.781140026023904284e+02 3.417033250628320384e+05
6.007024109235977676e+02 3.417089407820228371e+05
6.241734067417165761e+02 3.417141686532617314e+05
6.485614750314559842e+02 3.417182102238479420e+05
6.739024481846207664e+02 3.417223402573039057e+05
7.002335586571788326e+02 3.417270398377800593e+05
7.275934936733867744e+02 3.417309008428120869e+05
7.560224520673452844e+02 3.417342458438239992e+05
7.855622033455093742e+02 3.417374383792707231e+05
8.162561490569071339e+02 3.417403073062270996e+05
8.481493865612678746e+02 3.417431826299297391e+05
8.812887752887278339e+02 3.417457057424468221e+05
9.157230055884754165e+02 3.417481002055198769e+05
9.515026702674886110e+02 3.417503024974302389e+05
9.886803389244861364e+02 3.417511273763966165e+05
1.027310635188278411e+03 3.417542017623946886e+05
1.067450316974040106e+03 3.417556385910417303e+05
1.109158359875392534e+03 3.417577631237464375e+05
1.152496043814833001e+03 3.417592003638274618e+05
1.197527043079819805e+03 3.417600398957324796e+05
1.244317519876797405e+03 3.417618429952606093e+05
1.292936221540631550e+03 3.417631278483456699e+05
1.343454581542243432e+03 3.417642764025114011e+05
1.395946824442898333e+03 3.417652853431932162e+05
1.450490074949316977e+03 3.417663321180813364e+05
1.507164471229854371e+03 3.417675757109001279e+05
1.566053282658231410e+03 3.417677534935424337e+05
1.627243032157834477e+03 3.417689139001219883e+05
1.690823623326290999e+03 3.417697026577843353e+05
1.756888472527163231e+03 3.417703267340954044e+05
1.825534646142788688e+03 3.417709352425390389e+05
1.896863003189949040e+03 3.417716463579076808e+05
1.970978343507895033e+03 3.417720254266696284e+05
2.047989561736483665e+03 3.417726994160217000e+05
2.128009807310596443e+03 3.417732242225618102e+05
2.211156650705995162e+03 3.417743533856511931e+05
2.297552256180811128e+03 3.417740520486268215e+05
2.387323561266496654e+03 3.417745751410940429e+05
2.480602463271945908e+03 3.417748040767545463e+05
2.577526013074838374e+03 3.417752035264408914e+05
2.678236616484862679e+03 3.417755475588603877e+05
2.782882243474769894e+03 3.417758081431670580e+05
2.891616645586601862e+03 3.417794293117231573e+05
3.004599581832545937e+03 3.417763942818234791e+05
3.121997053422322097e+03 3.417766734597463510e+05
3.243981547661967397e+03 3.417767662124704220e+05
3.370732291382409130e+03 3.417776667430681409e+05
3.502435514270084695e+03 3.417774202175071696e+05
3.639284722486629107e+03 3.417774455766670289e+05
3.781480982979566306e+03 3.417773997798151686e+05
3.929233218901752025e+03 3.417780731819736538e+05
4.082758516573615452e+03 3.417780554324410041e+05
4.242282444439249048e+03 3.417781259183224174e+05
4.408039384484853144e+03 3.417782882582753082e+05
4.580272876606637510e+03 3.417784383649733500e+05
4.759235976434033546e+03 3.417785713676535524e+05
4.945191627133979637e+03 3.417786162542545935e+05
5.138413045742559007e+03 3.417788299138729344e+05
5.339184124591666659e+03 3.417788910459179315e+05
5.547799848420342641e+03 3.417787326696512173e+05
5.764566727783833812e+03 3.417790676255543367e+05
5.989803249397011314e+03 3.417793073305190774e+05
6.223840344073883898e+03 3.417782318708073581e+05
6.467021872950698707e+03 3.417793429113917518e+05
6.719705132707107623e+03 3.417736411259796005e+05
6.982261380527494111e+03 3.417795745293358341e+05
7.255076379574030398e+03 3.417785639391095028e+05
7.538550965772707059e+03 3.417793406229871907e+05
7.833101636745177530e+03 3.417795957523328252e+05
8.139161163751686217e+03 3.417788493056917214e+05
8.457179227544171226e+03 3.417796783305807039e+05
8.787623079063883779e+03 3.417796192823636229e+05
9.130978225953987931e+03 3.417796184556972003e+05
9.487749145896172195e+03 3.417798552779149613e+05
9.858460027819055540e+03 3.417798964299968793e+05
1.024365554206756133e+04 3.417799116239559953e+05
1.064390164066476427e+04 3.417799545622874866e+05
1.105978638884215252e+04 3.417799804971086560e+05
1.149192082905970165e+04 3.417800286890789866e+05
1.194093987878567168e+04 3.417799793458885979e+05
1.240750326335486170e+04 3.417800538773880689e+05
1.289229648527608333e+04 3.417800707891046768e+05
1.339603183141294539e+04 3.417801555229337537e+05
1.391944941951793044e+04 3.417799486068765400e+05
1.446331828565699834e+04 3.417800543773114332e+05
1.502843751412294296e+04 3.417744636192634352e+05
1.561563741149725683e+04 3.417796803481740062e+05
1.622578072658564452e+04 3.417802072926801629e+05
1.685976391801954742e+04 3.417802831239269581e+05
1.751851847138630183e+04 3.417799363069338724e+05
1.820301226782262529e+04 3.417804056971959653e+05
1.891425100608294088e+04 3.417804182750833570e+05
1.965327968017142484e+04 3.417802794533027336e+05
2.042118411470896535e+04 3.417803395198945655e+05
2.121909256029089738e+04 3.417802858254482271e+05
2.204817735117944176e+04 3.417802405380545533e+05
2.290965662776668614e+04 3.417806748678659205e+05
2.380479612633820216e+04 3.417815065598175861e+05
2.473491103876780471e+04 3.417804850305764121e+05
2.570136794487517545e+04 3.417793069579492440e+05
2.670558682028572002e+04 3.417803901466794778e+05
2.774904312274264885e+04 3.417815157101160730e+05
2.883326995993696255e+04 3.417803672328654211e+05
2.995986034203956297e+04 3.417804996560245054e+05
3.113046952224621782e+04 3.417803881299222121e+05
3.234681742877334182e+04 3.417784873284046189e+05
3.361069119187823526e+04 3.417800191310119117e+05
3.492394776961644675e+04 3.417806417354548466e+05
3.628851667619458749e+04 3.417803985124567989e+05
3.770640281692629651e+04 3.417806160290204571e+05
3.917968943395794486e+04 3.417802709229650209e+05
4.071054116709103982e+04 3.417804039476921316e+05
4.230120723419906426e+04 3.417795694847350242e+05
4.395402473591121816e+04 3.417808550169108785e+05
4.567142208941921854e+04 3.417804157957524294e+05
4.745592259645086597e+04 3.417808896898237290e+05
4.931014815065450239e+04 3.417804475803669775e+05
5.123682308984004339e+04 3.417804485271158628e+05
5.323877819873718545e+04 3.417802694593575434e+05
5.531895486815168988e+04 3.417808225040337420e+05
5.748040941663065314e+04 3.417804206250076531e+05
5.972631758098628779e+04 3.417813037908763508e+05
6.205997918227667833e+04 3.417804081475316780e+05
6.448482297409728199e+04 3.417804758354811929e+05
6.700441168030886911e+04 3.417806462110060384e+05
6.962244722960195213e+04 3.417805080656049540e+05
7.234277619458927074e+04 3.417807998408960993e+05
7.516939544341758301e+04 3.417760982593108201e+05
7.810645801220320573e+04 3.417805959359305562e+05
8.115827920691730105e+04 3.417804051973284222e+05
8.432934294368918927e+04 3.417803496936665033e+05
8.762430833684086974e+04 3.417797326775520924e+05
9.104801654433319345e+04 3.417806173121417523e+05
9.460549788068137423e+04 3.417804489029987017e+05
9.830197920779029664e+04 3.417790070414251531e+05
1.021428916145698749e+05 3.417826521811579005e+05
1.061338783966106857e+05 3.417831272482423810e+05
1.102808033476483979e+05 3.417807733338057296e+05
1.145897593749959487e+05 3.417802891333720181e+05
1.190670774516031670e+05 3.417780410822009435e+05
1.237193359178963874e+05 3.417803855576214846e+05
1.285533701470659871e+05 3.417800802592874970e+05
1.335762825879994489e+05 3.417804650901406421e+05
1.387954532006200461e+05 3.417806123573352816e+05
1.442185502989601227e+05 3.417804397310812492e+05
1.498535418179013941e+05 3.417804073533206247e+05
1.557087070201356546e+05 3.417802635025077616e+05
1.617926486605482060e+05 3.417802745860877912e+05
1.681143056258921861e+05 3.417802460336211370e+05
1.746829660683306574e+05 3.417804026267288718e+05
1.815082810521385691e+05 3.417806235578879714e+05
1.886002787336170441e+05 3.417771684192551766e+05
1.959693790950529801e+05 3.417794126477979007e+05
2.036264092543747975e+05 3.417809659525656607e+05
2.115826193729918159e+05 3.417805067963209003e+05
2.198496991851980856e+05 3.417805358984670020e+05
2.284397951734207163e+05 3.417804360413647955e+05
2.373655284145500336e+05 3.417804647387000732e+05
2.466400131235718727e+05 3.417801492697713547e+05
2.562768759217471234e+05 3.417804016047415789e+05
2.662902758576513734e+05 3.417806966672599083e+05
2.766949252104830230e+05 3.417821057766676531e+05
2.875061111062159180e+05 3.417803423908544355e+05
2.987397179783479078e+05 3.417798689770890633e+05
3.104122509062498575e+05 3.417795165017169784e+05
3.225408598654033267e+05 3.417804248159595300e+05
3.351433649251610623e+05 3.417803936256131856e+05
3.482382824310426950e+05 3.417805482606831356e+05
3.618448522100466653e+05 3.417804636818863801e+05
3.759830658389411983e+05 3.417755248457508278e+05
3.906736960170705570e+05 3.417681581680002855e+05
4.059383270868323743e+05 3.417806071598476265e+05
4.217993867466728552e+05 3.417804201235116925e+05
4.382801790031823330e+05 3.417803232718413346e+05
