0.000000000000000000e+00 0.000000000000000000e+00
2.040816326530612082e-02 6.243525503665944658e-03
4.081632653061224164e-02 1.863409240752616006e-02
6.122448979591836593e-02 4.266663341379916402e-02
8.163265306122448328e-02 7.465794734567725299e-02
1.020408163265306006e-01 1.095473520520365146e-01
1.224489795918367319e-01 1.516485823596864790e-01
1.428571428571428492e-01 1.860302262704038589e-01
1.632653061224489666e-01 2.202733447035117309e-01
1.836734693877550839e-01 2.441566871248752324e-01
2.040816326530612013e-01 2.710105961250077189e-01
2.244897959183673186e-01 2.885589968715327469e-01
2.448979591836734637e-01 2.992492676670810425e-01
2.653061224489795533e-01 3.058694375297251189e-01
2.857142857142856984e-01 3.067732526958235062e-01
3.061224489795917880e-01 3.018732513635393189e-01
3.265306122448979331e-01 2.927461260789179787e-01
3.469387755102040782e-01 2.799666820644218790e-01
3.673469387755101678e-01 2.633945832046475366e-01
3.877551020408163129e-01 2.447011351876038354e-01
4.081632653061224025e-01 2.272653137310929328e-01
4.285714285714285476e-01 2.091064624742678124e-01
4.489795918367346372e-01 1.922920514055037888e-01
4.693877551020407823e-01 1.753924797737260732e-01
4.897959183673469274e-01 1.584092958317890598e-01
5.102040816326530726e-01 1.415745635827539706e-01
5.306122448979591066e-01 1.250867484151316766e-01
5.510204081632652517e-01 1.086860949817513161e-01
5.714285714285713969e-01 9.360293840129958742e-02
5.918367346938775420e-01 7.815155069375216701e-02
6.122448979591835760e-01 6.327717010562267097e-02
6.326530612244897211e-01 5.115201816037974469e-02
6.530612244897958663e-01 3.795403915967140995e-02
6.734693877551020114e-01 2.864084024706381459e-02
6.938775510204081565e-01 2.046579963253841727e-02
7.142857142857141906e-01 1.304750899037372680e-02
7.346938775510203357e-01 7.063055840946956543e-03
7.551020408163264808e-01 3.617630850120508428e-03
7.755102040816326259e-01 4.474809368376625593e-04
7.959183673469386600e-01 6.730162210825486662e-04
8.163265306122448051e-01 0.000000000000000000e+00
8.367346938775509502e-01 0.000000000000000000e+00
8.571428571428570953e-01 0.000000000000000000e+00
8.775510204081632404e-01 0.000000000000000000e+00
8.979591836734692745e-01 0.000000000000000000e+00
9.183673469387754196e-01 0.000000000000000000e+00
9.387755102040815647e-01 0.000000000000000000e+00
9.591836734693877098e-01 0.000000000000000000e+00
9.795918367346938549e-01 0.000000000000000000e+00
1.000000000000000000e+00 0.000000000000000000e+00
