0.000000000000000000e+00 0.000000000000000000e+00
2.040816326530612082e-02 2.497410201466377863e-02
4.081632653061224164e-02 7.453636963010464023e-02
6.122448979591836593e-02 1.706665336551966561e-01
8.163265306122448328e-02 2.986317893827090120e-01
1.020408163265306006e-01 4.381894082081460584e-01
1.224489795918367319e-01 6.065943294387459161e-01
1.428571428571428492e-01 7.441209050816154358e-01
1.632653061224489666e-01 8.810933788140469236e-01
1.836734693877550839e-01 9.766267484995009296e-01
2.040816326530612013e-01 1.084042384500030876e+00
2.244897959183673186e-01 1.154235987486130988e+00
2.448979591836734637e-01 1.196997070668324170e+00
2.653061224489795533e-01 1.223477750118900476e+00
2.857142857142856984e-01 1.227093010783294025e+00
3.061224489795917880e-01 1.207493005454157275e+00
3.265306122448979331e-01 1.170984504315671915e+00
3.469387755102040782e-01 1.119866728257687516e+00
3.673469387755101678e-01 1.053578332818590146e+00
3.877551020408163129e-01 9.788045407504153417e-01
4.081632653061224025e-01 9.090612549243717311e-01
4.285714285714285476e-01 8.364258498970712497e-01
4.489795918367346372e-01 7.691682056220151553e-01
4.693877551020407823e-01 7.015699190949042929e-01
4.897959183673469274e-01 6.336371833271562393e-01
5.102040816326530726e-01 5.662982543310158823e-01
5.306122448979591066e-01 5.003469936605267065e-01
5.510204081632652517e-01 4.347443799270052645e-01
5.714285714285713969e-01 3.744117536051983497e-01
5.918367346938775420e-01 3.126062027750086680e-01
6.122448979591835760e-01 2.531086804224906839e-01
6.326530612244897211e-01 2.046080726415189788e-01
6.530612244897958663e-01 1.518161566386856398e-01
6.734693877551020114e-01 1.145633609882552584e-01
6.938775510204081565e-01 8.186319853015366910e-02
7.142857142857141906e-01 5.219003596149490720e-02
7.346938775510203357e-01 2.825222336378782617e-02
7.551020408163264808e-01 1.447052340048203371e-02
7.755102040816326259e-01 1.789923747350650237e-03
7.959183673469386600e-01 2.692064884330194665e-03
8.163265306122448051e-01 0.000000000000000000e+00
8.367346938775509502e-01 0.000000000000000000e+00
8.571428571428570953e-01 0.000000000000000000e+00
8.775510204081632404e-01 0.000000000000000000e+00
8.979591836734692745e-01 0.000000000000000000e+00
9.183673469387754196e-01 0.000000000000000000e+00
9.387755102040815647e-01 0.000000000000000000e+00
9.591836734693877098e-01 0.000000000000000000e+00
9.795918367346938549e-01 0.000000000000000000e+00
1.000000000000000000e+00 0.000000000000000000e+00
