#The rate at which sensitive time-volume accumulates with redshift for LIGO.
#Extracted from Fig. 7 of 1606.03939, for 10 M_sun - 10 M_sun mergers
#Columns: z, d<VT>/dz [Gpc^3 yr]
0.0007299270072992914  0
0.02408759124087595  0.021023357664233577
0.037226277372262806  0.05883649635036503
0.05328467153284672  0.11765255474452552
0.06350364963503652  0.17086277372262781
0.07103808447607107  0.1995871491616532
0.07804110802308889  0.24260973795925855
0.08409736432214521  0.28278744693522284
0.0931817487707296  0.3266465522401736
0.10226613321931405  0.37282883746144224
0.11538802186726932  0.4207575451241487
0.12144427816632564  0.4606448566105733
0.13658491891396635  0.5078979888831201
0.1466786794123935  0.5492090589337162
0.16080994411019145  0.5889915130714962
0.17737226277372264  0.6161766423357664
0.19560713085894066  0.6333692844562925
0.21532846715328463  0.635814598540146
0.22846715328467154  0.6232277372262774
0.24862566044650763  0.5970652597501757
0.2678038053935192  0.5557027956357085
0.2839538221910026  0.5136113096692423
0.3011132150383288  0.4726616803591608
0.3182726078856549  0.4299143523043094
0.3364413767828238  0.38830888090584254
0.3546101456799926  0.3459774157835263
0.3727789145771615  0.30364595066121014
0.3909476834743304  0.26252447507864285
0.4091164523714992  0.22164499740402543
0.42930397336835346  0.1802835426656081
0.44890510948905105  0.13764817518248185
0.4686696393122194  0.10477116146962728
0.4795620437956204  0.08307883211678835
0.5014598540145985  0.05510072992700743
0.5248175182481752  0.02992408759124099
0.5452554744525547  0.013144525547445274
0.5583941605839416  0.007557664233576622
0.5744525547445255  0.0005737226277372498
0.5992700729927006  0.001998540145985439
